0 0.046875 0.5796875 0.06796875 0.09453125
0 0.11328125 0.58203125 0.0640625 0.0921875
0 0.18046875 0.58828125 0.059375 0.0828125
0 0.24453125 0.5875 0.0609375 0.0765625
0 0.30859375 0.58984375 0.059375 0.07421875
0 0.375 0.58671875 0.0625 0.078125
0 0.37265625 0.50234375 0.06171875 0.08125
0 0.3078125 0.5109375 0.06328125 0.07578125
0 0.2421875 0.50390625 0.065625 0.08046875
0 0.17734375 0.5 0.06328125 0.0859375
0 0.1109375 0.49375 0.06484375 0.08515625
0 0.0484375 0.4921875 0.0609375 0.08359375
0 0.3703125 0.42109375 0.065625 0.078125
0 0.30546875 0.42578125 0.06171875 0.0828125
0 0.24140625 0.4171875 0.0625 0.08125
0 0.1796875 0.41640625 0.05859375 0.08125
0 0.11640625 0.41171875 0.06171875 0.0765625
0 0.0546875 0.41015625 0.0578125 0.0859375
0 0.33984375 0.34453125 0.059375 0.0734375
0 0.27890625 0.33828125 0.05703125 0.08984375
0 0.21796875 0.33359375 0.059375 0.08828125
0 0.15390625 0.32890625 0.06015625 0.0921875
0 0.08828125 0.3265625 0.06640625 0.0875
0 0.48671875 0.58671875 0.0609375 0.0828125
0 0.484375 0.509375 0.0609375 0.071875
0 0.4859375 0.42734375 0.06015625 0.0875
0 0.5171875 0.34453125 0.0609375 0.0875
0 0.5484375 0.59140625 0.059375 0.08046875
0 0.546875 0.51015625 0.0609375 0.078125
0 0.546875 0.42734375 0.0578125 0.08515625
0 0.57890625 0.34765625 0.059375 0.08359375
0 0.61171875 0.590625 0.0578125 0.08359375
0 0.6109375 0.51171875 0.06015625 0.07421875
0 0.6078125 0.43125 0.0546875 0.08125
0 0.67421875 0.59453125 0.059375 0.071875
0 0.67265625 0.5140625 0.059375 0.07890625
0 0.671875 0.42734375 0.0625 0.08125
0 0.64140625 0.34375 0.059375 0.08359375
0 0.7015625 0.34765625 0.0546875 0.08125
0 0.7359375 0.59296875 0.0640625 0.0765625
0 0.7359375 0.515625 0.06484375 0.07109375
0 0.73671875 0.434375 0.065625 0.078125
0 0.8015625 0.59765625 0.05859375 0.071875
0 0.80078125 0.52109375 0.06015625 0.071875
0 0.7984375 0.440625 0.059375 0.08125
0 0.76171875 0.35390625 0.0546875 0.078125
0 0.9875 0.5765625 0.025 0.071875
0 0.95234375 0.5765625 0.04765625 0.0703125
0 0.9015625 0.5765625 0.05 0.0703125
0 0.85390625 0.57734375 0.0453125 0.0703125
0 0.96484375 0.50859375 0.04375 0.0640625
0 0.921875 0.5078125 0.03984375 0.06015625
0 0.8765625 0.50546875 0.04609375 0.06484375
0 0.84140625 0.50703125 0.021875 0.06015625
0 0.9640625 0.44453125 0.040625 0.05703125
0 0.91953125 0.44375 0.03828125 0.05625
0 0.87578125 0.4421875 0.04140625 0.059375
0 0.98046875 0.38046875 0.0375 0.05859375
0 0.93671875 0.38125 0.03359375 0.05234375
0 0.89140625 0.3765625 0.03671875 0.0609375
0 0.84921875 0.37734375 0.0359375 0.05859375