0 0.91484375 0.434375 0.08984375 0.0515625
0 0.909375 0.38125 0.090625 0.05234375
0 0.81484375 0.37890625 0.08984375 0.05234375
0 0.821875 0.43125 0.09296875 0.046875
0 0.728125 0.43515625 0.08515625 0.05078125
0 0.72421875 0.38203125 0.0890625 0.05078125
0 0.775 0.3265625 0.0921875 0.04921875
0 0.68125 0.33125 0.08984375 0.0484375
0 0.5953125 0.33125 0.0796875 0.04453125
0 0.62890625 0.38046875 0.0921875 0.04921875
0 0.63828125 0.43515625 0.0828125 0.05078125
0 0.5125 0.32890625 0.08203125 0.04296875
0 0.540625 0.38046875 0.08359375 0.0515625
0 0.55234375 0.434375 0.0828125 0.04921875
0 0.4640625 0.434375 0.0875 0.04921875
0 0.45625 0.3828125 0.08359375 0.05078125
0 0.42890625 0.33203125 0.08515625 0.0453125
0 0.3390625 0.3328125 0.08203125 0.0453125
0 0.37109375 0.384375 0.08203125 0.05234375
0 0.37421875 0.43671875 0.08203125 0.04921875
0 0.25234375 0.3328125 0.08046875 0.04296875
0 0.1734375 0.3375 0.0765625 0.04296875
0 0.0890625 0.33359375 0.0828125 0.046875
0 0.2 0.38515625 0.08515625 0.04921875
0 0.284375 0.384375 0.08359375 0.05
0 0.2890625 0.43203125 0.08046875 0.040625
0 0.20234375 0.43671875 0.08515625 0.04921875
0 0.1171875 0.43671875 0.08515625 0.046875
0 0.1125 0.3828125 0.090625 0.0515625
0 0.03828125 0.434375 0.0765625 0.05
0 0.034375 0.38125 0.06875 0.05859375
0 0.0234375 0.33203125 0.04609375 0.03984375