0 0.30390625 0.6828125 0.34765625 0.2265625
0 0.09921875 0.75078125 0.19765625 0.29453125
0 0.92734375 0.55859375 0.1453125 0.0828125
0 0.93359375 0.4796875 0.1328125 0.08359375
0 0.940625 0.41171875 0.11875 0.0609375
0 0.45546875 0.58125 0.1484375 0.1015625
0 0.64296875 0.56640625 0.1921875 0.08046875
0 0.7578125 0.5578125 0.040625 0.059375
0 0.7984375 0.54453125 0.040625 0.0484375
0 0.834375 0.53515625 0.0390625 0.05
0 0.6484375 0.48828125 0.19296875 0.084375
0 0.64765625 0.40703125 0.184375 0.07734375
0 0.57890625 0.32578125 0.17578125 0.0765625
0 0.41640625 0.334375 0.1515625 0.06484375
0 0.28125 0.340625 0.103125 0.0578125
0 0.20234375 0.4078125 0.1015625 0.0671875
0 0.1890625 0.4765625 0.12265625 0.0578125
0 0.3296875 0.41171875 0.13203125 0.0671875
0 0.47109375 0.40625 0.15859375 0.06484375
0 0.31640625 0.48046875 0.12890625 0.065625
0 0.4671875 0.4765625 0.146875 0.06875
0 0.76484375 0.48828125 0.03984375 0.06484375
0 0.7703125 0.41484375 0.04609375 0.065625