0 0.83046875 0.140625 0.26640625 0.115625
0 0.875 0.27421875 0.25 0.1390625
0 0.89453125 0.403125 0.2109375 0.1
0 0.8890625 0.51171875 0.221875 0.0921875
0 0.634375 0.5109375 0.246875 0.10625
0 0.365625 0.5 0.26953125 0.10625
0 0.1125 0.503125 0.225 0.115625
0 0.621875 0.3875 0.2609375 0.128125
0 0.59296875 0.26796875 0.28046875 0.1046875
0 0.56796875 0.1515625 0.25859375 0.109375
0 0.29453125 0.1515625 0.3109375 0.09375
0 0.321875 0.26796875 0.278125 0.1046875
0 0.35390625 0.3890625 0.28046875 0.1125
0 0.09296875 0.3828125 0.1859375 0.109375
0 0.0890625 0.2578125 0.178125 0.13125
0 0.071875 0.1390625 0.14375 0.103125