0 0.9765625 0.4375 0.046875 0.05390625
0 0.98046875 0.3859375 0.0390625 0.053125
0 0.9703125 0.33828125 0.059375 0.04375
0 0.9078125 0.43515625 0.0828125 0.05078125
0 0.90859375 0.384375 0.0859375 0.05
0 0.896875 0.33515625 0.08515625 0.04765625
0 0.8265625 0.43671875 0.0796875 0.0484375
0 0.75078125 0.43515625 0.06953125 0.04609375
0 0.6796875 0.43515625 0.0671875 0.04140625
0 0.61328125 0.43359375 0.05859375 0.040625
0 0.55625 0.4328125 0.05390625 0.03984375
0 0.50078125 0.43203125 0.05234375 0.03984375
0 0.44453125 0.43046875 0.05703125 0.0390625
0 0.3921875 0.42890625 0.04921875 0.0375
0 0.34296875 0.4296875 0.05 0.0375
0 0.29453125 0.42890625 0.04609375 0.03828125
0 0.25078125 0.428125 0.03984375 0.0390625
0 0.21171875 0.42734375 0.03984375 0.03515625
0 0.17265625 0.4265625 0.0359375 0.0328125
0 0.13828125 0.42578125 0.0359375 0.03203125
0 0.1046875 0.42578125 0.03125 0.0328125
0 0.10390625 0.39375 0.0265625 0.03046875
0 0.1390625 0.39375 0.03515625 0.03046875
0 0.14140625 0.3625 0.03046875 0.02890625
0 0.17734375 0.359375 0.0421875 0.02890625
0 0.17421875 0.39296875 0.03359375 0.03359375
0 0.21015625 0.39140625 0.0359375 0.03359375
0 0.24921875 0.390625 0.04140625 0.03515625
0 0.21640625 0.35703125 0.0328125 0.03125
0 0.25390625 0.35625 0.03984375 0.02890625
0 0.29453125 0.35546875 0.04375 0.03359375
0 0.2953125 0.39140625 0.04921875 0.03515625
0 0.34296875 0.35390625 0.0484375 0.0359375
0 0.34453125 0.39140625 0.04453125 0.03828125
0 0.3953125 0.38984375 0.05078125 0.03984375
0 0.39609375 0.35 0.05078125 0.03828125
0 0.44765625 0.35078125 0.0484375 0.03828125
0 0.4453125 0.390625 0.05078125 0.03671875
0 0.5015625 0.390625 0.05625 0.04140625
0 0.49921875 0.34921875 0.0484375 0.0375
0 0.5546875 0.3484375 0.05859375 0.0421875
0 0.5578125 0.39140625 0.05859375 0.03984375
0 0.615625 0.3484375 0.0609375 0.040625
0 0.61484375 0.38984375 0.05 0.04140625
0 0.68046875 0.3453125 0.06484375 0.04453125
0 0.6765625 0.39140625 0.06171875 0.0421875
0 0.74765625 0.34296875 0.07734375 0.04375
0 0.81875 0.34140625 0.06953125 0.04765625
0 0.74765625 0.38828125 0.071875 0.04375
0 0.8234375 0.38671875 0.078125 0.0453125