0 0.49765625 0.390625 0.9953125 0.45625
0 0.11015625 0.5625 0.2203125 0.109375
0 0.11484375 0.45546875 0.22890625 0.11328125
0 0.034375 0.22734375 0.06875 0.14375
0 0.340625 0.55546875 0.24765625 0.1109375
0 0.56796875 0.5484375 0.21875 0.10859375
0 0.346875 0.453125 0.24375 0.10859375
0 0.571875 0.45078125 0.21875 0.09765625
0 0.49375 0.35703125 0.19609375 0.090625
0 0.78125 0.45 0.20390625 0.10703125
0 0.28984375 0.3484375 0.21640625 0.10703125
0 0.775 0.54609375 0.20390625 0.09453125
0 0.09140625 0.33984375 0.1828125 0.0859375
0 0.93671875 0.54921875 0.12265625 0.090625