0 0.12734375 0.3828125 0.25390625 0.2109375
0 0.40546875 0.39296875 0.31875 0.17578125
0 0.36171875 0.15 0.21875 0.1453125
0 0.128125 0.54296875 0.25625 0.140625
0 0.71640625 0.371875 0.3125 0.18046875
0 0.415625 0.52734375 0.32265625 0.140625
0 0.13125 0.16015625 0.24609375 0.1203125
0 0.25625 0.2578125 0.29609375 0.16875
0 0.71640625 0.5140625 0.29609375 0.13203125
0 0.81640625 0.26328125 0.27890625 0.1265625
0 0.80703125 0.146875 0.22734375 0.1234375
0 0.92421875 0.50390625 0.14765625 0.11875
0 0.584375 0.15625 0.22734375 0.12890625
0 0.53984375 0.2609375 0.29140625 0.1625
0 0.93359375 0.36875 0.12890625 0.1625
0 0.05703125 0.2515625 0.1140625 0.15625
0 0.95703125 0.22734375 0.08125 0.13125