0 0.49921875 0.39375 0.99765625 0.4625
0 0.8875 0.5296875 0.21640625 0.17890625
0 0.92578125 0.23984375 0.13984375 0.16171875
0 0.83046875 0.35703125 0.19765625 0.10703125
0 0.4125 0.41796875 0.20390625 0.109375
0 0.66953125 0.5125 0.16015625 0.1546875
0 0.52578125 0.50390625 0.16484375 0.13125
0 0.61328125 0.2640625 0.16875 0.1296875
0 0.378125 0.5125 0.16015625 0.090625
0 0.95625 0.35859375 0.08359375 0.10625
0 0.66015625 0.36640625 0.15859375 0.08359375
0 0.32265625 0.2640625 0.1375 0.1015625
0 0.74296875 0.2609375 0.13125 0.12890625
0 0.05546875 0.2453125 0.11015625 0.10390625
0 0.51640625 0.35234375 0.14140625 0.11875
0 0.06953125 0.32265625 0.1390625 0.1234375
0 0.81171875 0.2421875 0.11484375 0.1265625
0 0.20078125 0.42890625 0.16484375 0.08359375
0 0.196875 0.5046875 0.16015625 0.07578125