0 0.634375 0.41484375 0.42265625 0.3015625
0 0.21796875 0.45546875 0.43515625 0.29140625
0 0.221875 0.68125 0.44375 0.24296875
0 0.61796875 0.640625 0.40234375 0.20546875
0 0.49765625 0.40625 0.99140625 0.803125
0 0.728125 0.259375 0.33984375 0.21015625
0 0.59609375 0.1234375 0.26640625 0.14296875
0 0.91796875 0.41953125 0.16015625 0.24765625
0 0.08515625 0.0890625 0.1703125 0.178125
0 0.89453125 0.61796875 0.20625 0.1671875
0 0.075 0.21484375 0.15 0.2609375
0 0.94453125 0.259375 0.10625 0.09453125
0 0.315625 0.08984375 0.30234375 0.125
0 0.38984375 0.09765625 0.15859375 0.10234375
0 0.353125 0.24140625 0.42734375 0.25390625