0 0.16953125 0.32265625 0.3390625 0.2796875
0 0.46875 0.51796875 0.20859375 0.1390625
0 0.66953125 0.5234375 0.20234375 0.14609375
0 0.075 0.54296875 0.15 0.1734375
0 0.49921875 0.41484375 0.99375 0.46484375
0 0.88203125 0.54453125 0.22734375 0.12265625
0 0.215625 0.53125 0.43125 0.20390625
0 0.68046875 0.52421875 0.63125 0.16171875
0 0.29921875 0.36171875 0.07734375 0.0921875
0 0.2125 0.4125 0.425 0.46015625
0 0.20390625 0.35546875 0.12890625 0.09296875
0 0.18984375 0.52890625 0.11640625 0.13359375
0 0.49921875 0.53671875 0.99375 0.2078125
0 0.27578125 0.50859375 0.09375 0.12734375
0 0.078125 0.2578125 0.15625 0.1140625