0 0.49921875 0.39921875 0.99765625 0.4703125
0 0.65625 0.5140625 0.2125 0.153125
0 0.865625 0.5296875 0.25234375 0.18125
0 0.7875 0.35703125 0.19609375 0.10625
0 0.93515625 0.35546875 0.125 0.1140625
0 0.37421875 0.41953125 0.20625 0.109375
0 0.88828125 0.25234375 0.15234375 0.1390625
0 0.62109375 0.365625 0.15390625 0.0875
0 0.73984375 0.24765625 0.5125 0.16015625
0 0.571875 0.265625 0.17265625 0.1296875
0 0.3375 0.51328125 0.1625 0.090625
0 0.48828125 0.50390625 0.16875 0.13125
0 0.159375 0.42890625 0.16875 0.0859375
0 0.15546875 0.50625 0.16484375 0.078125