0 0.24609375 0.40625 0.49140625 0.46796875
0 0.53515625 0.51875 0.21640625 0.14140625
0 0.109375 0.54140625 0.21875 0.1765625
0 0.73671875 0.52578125 0.21015625 0.1484375
0 0.7125 0.52734375 0.56640625 0.1640625
0 0.91796875 0.53125 0.16015625 0.159375
0 0.49921875 0.409375 0.99375 0.47421875
0 0.075 0.32890625 0.15 0.134375
0 0.34375 0.5046875 0.09140625 0.13671875
0 0.271875 0.3578125 0.12734375 0.09296875
0 0.20234375 0.29453125 0.4 0.2390625
0 0.49921875 0.534375 0.99375 0.203125
0 0.24765625 0.52890625 0.4953125 0.2015625
0 0.24453125 0.5203125 0.13984375 0.153125