0 0.34453125 0.5953125 0.51875 0.23125
0 0.49921875 0.3578125 0.99375 0.71328125
0 0.31953125 0.35859375 0.52265625 0.31640625
0 0.66171875 0.07265625 0.36484375 0.1453125
0 0.21796875 0.1671875 0.43515625 0.234375
0 0.63984375 0.52265625 0.16640625 0.2015625
0 0.803125 0.1734375 0.38515625 0.2171875
0 0.828125 0.35078125 0.33515625 0.16640625
0 0.51640625 0.19140625 0.19140625 0.13125
0 0.06484375 0.5828125 0.12890625 0.19140625
0 0.85078125 0.48046875 0.28984375 0.15234375
0 0.34765625 0.065625 0.29609375 0.13125
0 0.80390625 0.3125 0.38359375 0.490625
0 0.10625 0.04296875 0.2125 0.0859375
0 0.61015625 0.35078125 0.14140625 0.22265625
0 0.38984375 0.4546875 0.67109375 0.51328125
0 0.21875 0.3625 0.4375 0.62890625
0 0.04296875 0.3859375 0.08515625 0.22734375
0 0.5 0.32890625 0.3625 0.26640625