0 0.49765625 0.31796875 0.9953125 0.5515625
0 0.15078125 0.22578125 0.29765625 0.18515625
0 0.28203125 0.37265625 0.34765625 0.18359375
0 0.62421875 0.3453125 0.33515625 0.21328125
0 0.78515625 0.1171875 0.25 0.13828125
0 0.32109375 0.11640625 0.225 0.15
0 0.88203125 0.49765625 0.23125 0.13203125
0 0.10625 0.12890625 0.2125 0.125
0 0.29296875 0.515625 0.34765625 0.14765625
0 0.61875 0.50625 0.31640625 0.14140625
0 0.546875 0.12890625 0.22734375 0.14140625
0 0.88828125 0.35390625 0.21875 0.17890625
0 0.44765625 0.23515625 0.3125 0.178125
0 0.06171875 0.36171875 0.12265625 0.20859375
0 0.94609375 0.21171875 0.10390625 0.1453125
0 0.75234375 0.22734375 0.3 0.1640625
0 0.06484375 0.52421875 0.12890625 0.14296875