0 0.42421875 0.35234375 0.51484375 0.29609375
0 0.42265625 0.5734375 0.475 0.21484375
0 0.48671875 0.34296875 0.97265625 0.68359375
0 0.76953125 0.18671875 0.37265625 0.2015625
0 0.6375 0.078125 0.37890625 0.15546875
0 0.10703125 0.575 0.2140625 0.209375
0 0.825 0.45859375 0.2375 0.16015625
0 0.09453125 0.37109375 0.1890625 0.2546875
0 0.8 0.35 0.3 0.15234375
0 0.31796875 0.06484375 0.29375 0.1296875
0 0.08984375 0.12890625 0.17890625 0.25703125
0 0.31171875 0.17734375 0.54375 0.22734375
0 0.67109375 0.50546875 0.09609375 0.17578125
0 0.98046875 0.22421875 0.03515625 0.125