0 0.21640625 0.425 0.4328125 0.359375
0 0.66328125 0.67578125 0.52734375 0.2453125
0 0.67890625 0.46015625 0.5125 0.28046875
0 0.20078125 0.69140625 0.4015625 0.2359375
0 0.82421875 0.20625 0.34375 0.3328125
0 0.434375 0.23671875 0.43984375 0.2609375
0 0.49921875 0.4109375 0.99375 0.7984375
0 0.53046875 0.1 0.30234375 0.18125
0 0.109375 0.19921875 0.21875 0.26171875
0 0.23125 0.1 0.32109375 0.16171875
0 0.94375 0.65625 0.10859375 0.21796875
0 0.9 0.09921875 0.15859375 0.10625
0 0.825 0.09921875 0.30390625 0.125
0 0.49921875 0.19140625 0.99375 0.35859375
0 0.953125 0.4578125 0.08984375 0.22421875