0 0.47734375 0.35234375 0.43359375 0.25
0 0.58984375 0.08046875 0.325 0.16015625
0 0.134375 0.35234375 0.26875 0.26640625
0 0.49375 0.54765625 0.44609375 0.1921875
0 0.72109375 0.18359375 0.31640625 0.1859375
0 0.496875 0.328125 0.98984375 0.653125
0 0.31171875 0.18125 0.41484375 0.22265625
0 0.93203125 0.21953125 0.13125 0.1296875
0 0.775 0.340625 0.19609375 0.14140625
0 0.78359375 0.44921875 0.16640625 0.134375
0 0.07578125 0.07578125 0.1515625 0.1515625
0 0.14296875 0.553125 0.28515625 0.20546875
0 0.29921875 0.05390625 0.31875 0.10703125
0 0.05546875 0.19453125 0.11015625 0.18125
0 0.93203125 0.321875 0.13125 0.08515625
0 0.53359375 0.20078125 0.0625 0.1
0 0.928125 0.4046875 0.13984375 0.0859375
0 0.978125 0.13828125 0.03984375 0.0875