0 0.49921875 0.33671875 0.99375 0.6734375
0 0.53828125 0.11328125 0.42265625 0.2265625
0 0.228125 0.5375 0.45625 0.21796875
0 0.846875 0.11015625 0.26015625 0.2203125
0 0.846875 0.3 0.24375 0.17578125
0 0.55859375 0.31328125 0.375 0.196875
0 0.20390625 0.334375 0.4078125 0.259375
0 0.85546875 0.45078125 0.24375 0.15703125
0 0.97265625 0.103125 0.05 0.20625
0 0.578125 0.478125 0.34765625 0.20390625
0 0.228125 0.32421875 0.45625 0.64609375
0 0.19140625 0.1140625 0.3828125 0.228125
0 0.971875 0.2921875 0.05234375 0.17890625
0 0.54609375 0.29296875 0.44609375 0.5859375