0 0.496875 0.33984375 0.990625 0.6796875
0 0.56953125 0.11875 0.40625 0.2296875
0 0.8671875 0.11875 0.24375 0.2375
0 0.23984375 0.53984375 0.475 0.21953125
0 0.22109375 0.3375 0.44140625 0.2546875
0 0.58515625 0.31875 0.3625 0.19453125
0 0.209375 0.115625 0.41875 0.23125
0 0.596875 0.490625 0.32734375 0.18125
0 0.8625 0.30859375 0.23359375 0.17109375
0 0.86796875 0.45546875 0.23984375 0.15703125
0 0.98046875 0.11640625 0.03515625 0.1921875
0 0.23515625 0.325 0.4703125 0.65
0 0.97734375 0.3015625 0.04140625 0.17109375
0 0.571875 0.02265625 0.42734375 0.04453125