0 0.49765625 0.40078125 0.9953125 0.4953125
0 0.55546875 0.5203125 0.24375 0.17421875
0 0.934375 0.53984375 0.12734375 0.24609375
0 0.9125 0.740625 0.17109375 0.28046875
0 0.17734375 0.50078125 0.175 0.1359375
0 0.346875 0.50859375 0.20625 0.15234375
0 0.471875 0.3546875 0.18125 0.10234375
0 0.08203125 0.409375 0.1640625 0.121875
0 0.60625 0.24375 0.22109375 0.15546875
0 0.75546875 0.53515625 0.24765625 0.19921875
0 0.66171875 0.34609375 0.21015625 0.1265625
0 0.840625 0.23359375 0.28125 0.16015625
0 0.25390625 0.25859375 0.17109375 0.12890625
0 0.309375 0.36171875 0.15625 0.08515625
0 0.44921875 0.53203125 0.88125 0.2125
0 0.146875 0.34609375 0.17265625 0.12109375
0 0.415625 0.2515625 0.18125 0.14140625
0 0.87890625 0.32265625 0.23359375 0.16875
0 0.05234375 0.51328125 0.10390625 0.09296875