0 0.44453125 0.3546875 0.44375 0.26171875
0 0.59140625 0.08125 0.32890625 0.1625
0 0.11796875 0.35859375 0.23515625 0.26640625
0 0.46875 0.553125 0.46640625 0.203125
0 0.71484375 0.1859375 0.32109375 0.19140625
0 0.12734375 0.56171875 0.25390625 0.20625
0 0.93359375 0.2203125 0.12890625 0.13203125
0 0.28359375 0.1859375 0.425 0.22421875
0 0.496875 0.3328125 0.98984375 0.6625
0 0.77890625 0.4546875 0.18359375 0.13828125
0 0.76484375 0.34453125 0.225 0.14375
0 0.28828125 0.059375 0.31484375 0.11875
0 0.93125 0.2828125 0.12890625 0.3359375
0 0.93515625 0.325 0.125 0.0859375
0 0.93359375 0.40546875 0.12890625 0.08515625
0 0.07421875 0.07421875 0.14765625 0.1484375
0 0.51328125 0.19375 0.08515625 0.0828125
0 0.83125 0.3375 0.09140625 0.13125
0 0.040625 0.1890625 0.08125 0.13125