0 0.19921875 0.425 0.39765625 0.36171875
0 0.62734375 0.67421875 0.525 0.2453125
0 0.64296875 0.45859375 0.51015625 0.28046875
0 0.184375 0.69375 0.36875 0.23671875
0 0.80546875 0.20546875 0.38125 0.32890625
0 0.49921875 0.4125 0.99375 0.803125
0 0.49453125 0.09921875 0.30234375 0.18125
0 0.92734375 0.65703125 0.14140625 0.21953125
0 0.934375 0.4515625 0.12734375 0.24765625
0 0.184375 0.09765625 0.35234375 0.1640625
0 0.39765625 0.240625 0.44140625 0.25
0 0.090625 0.20078125 0.18125 0.2515625
0 0.96484375 0.1265625 0.06640625 0.07421875
0 0.7875 0.1 0.3 0.1234375
0 0.859375 0.0984375 0.15625 0.1046875