0 0.49921875 0.32265625 0.99375 0.590625
0 0.83515625 0.1125 0.275 0.17109375
0 0.540625 0.35390625 0.37265625 0.23828125
0 0.85 0.5296875 0.29609375 0.159375
0 0.17734375 0.5375 0.35390625 0.159375
0 0.85546875 0.36796875 0.28515625 0.203125
0 0.53046875 0.53203125 0.35625 0.16484375
0 0.571875 0.1171875 0.24375 0.1546875
0 0.71875 0.22890625 0.34140625 0.171875
0 0.32890625 0.10234375 0.24609375 0.15078125
0 0.11328125 0.1125 0.2265625 0.1125
0 0.175 0.3765625 0.35 0.196875
0 0.93828125 0.22578125 0.11875 0.13359375
0 0.10703125 0.21328125 0.2140625 0.1828125
0 0.37578125 0.23203125 0.34765625 0.1921875