0 0.2265625 0.571875 0.28671875 0.196875
0 0.48046875 0.5578125 0.25 0.1765625
0 0.8890625 0.60390625 0.21640625 0.20234375
0 0.415625 0.359375 0.215625 0.1421875
0 0.30234375 0.25703125 0.2265625 0.15625
0 0.6953125 0.54296875 0.221875 0.16875
0 0.78671875 0.378125 0.17109375 0.10625
0 0.68359375 0.28125 0.1796875 0.128125
0 0.5078125 0.27890625 0.19140625 0.13828125
0 0.6109375 0.37734375 0.18671875 0.1015625
0 0.93203125 0.38125 0.1265625 0.09296875
0 0.83984375 0.2953125 0.1640625 0.11796875
0 0.19453125 0.36328125 0.23125 0.1140625
0 0.40703125 0.46875 0.21796875 0.10546875
0 0.9515625 0.3078125 0.0921875 0.0984375
0 0.17578125 0.4609375 0.25 0.125
0 0.60546875 0.45859375 0.19296875 0.09140625
0 0.1046875 0.34453125 0.1296875 0.1515625
0 0.83671875 0.5078125 0.16015625 0.0890625
0 0.92578125 0.459375 0.13671875 0.07265625
0 0.7765625 0.4640625 0.1640625 0.08515625
0 0.02109375 0.3921875 0.0421875 0.0953125
0 0.02109375 0.53984375 0.0421875 0.08203125
0 0.06171875 0.3734375 0.0453125 0.0921875
0 0.08203125 0.5578125 0.04921875 0.0953125
0 0.02421875 0.46875 0.0484375 0.078125