0 0.75 0.41640625 0.43359375 0.30390625
0 0.28984375 0.45546875 0.51640625 0.28671875
0 0.28515625 0.6765625 0.53359375 0.24140625
0 0.72890625 0.6421875 0.4125 0.20859375
0 0.49921875 0.40234375 0.99375 0.79921875
0 0.71328125 0.11953125 0.26875 0.1359375
0 0.14609375 0.09140625 0.29140625 0.1828125
0 0.95078125 0.621875 0.09375 0.1734375
0 0.83359375 0.2609375 0.32890625 0.215625
0 0.134375 0.23046875 0.26875 0.25859375
0 0.01875 0.46328125 0.0375 0.2359375
0 0.43203125 0.0953125 0.29765625 0.12734375
0 0.503125 0.1 0.16015625 0.10234375
0 0.01015625 0.66640625 0.0203125 0.1765625
0 0.47109375 0.24453125 0.425 0.2515625