0 0.17421875 0.40078125 0.29765625 0.1578125
0 0.45625 0.39140625 0.27890625 0.17421875
0 0.21953125 0.20078125 0.20234375 0.12734375
0 0.72734375 0.4 0.26640625 0.14765625
0 0.33046875 0.29453125 0.26875 0.13828125
0 0.10859375 0.28984375 0.17890625 0.11640625
0 0.61953125 0.18203125 0.20625 0.12109375
0 0.41875 0.1921875 0.20390625 0.10859375
0 0.16328125 0.52578125 0.29375 0.13203125
0 0.72421875 0.515625 0.28125 0.12109375
0 0.446875 0.52265625 0.27265625 0.12265625
0 0.82890625 0.28671875 0.25 0.134375
0 0.92734375 0.37734375 0.14140625 0.171875
0 0.58515625 0.28984375 0.24609375 0.134375
0 0.925 0.50859375 0.14609375 0.11796875
0 0.81875 0.1828125 0.19609375 0.09921875
0 0.971875 0.2796875 0.05234375 0.1015625
0 0.76953125 0.18046875 0.10234375 0.09453125
0 0.95625 0.1828125 0.08359375 0.1109375