0 0.49921875 0.39765625 0.99765625 0.46796875
0 0.94375 0.3546875 0.10859375 0.1140625
0 0.5875 0.26484375 0.17109375 0.12890625
0 0.80234375 0.35703125 0.19609375 0.10625
0 0.66875 0.51640625 0.20859375 0.15078125
0 0.35234375 0.51328125 0.1625 0.0921875
0 0.38828125 0.41953125 0.20625 0.109375
0 0.9125 0.24140625 0.16640625 0.1578125
0 0.63515625 0.3671875 0.15859375 0.08359375
0 0.29765625 0.2640625 0.1375 0.10390625
0 0.5 0.5046875 0.1625 0.1296875
0 0.175 0.42890625 0.16640625 0.0859375
0 0.17109375 0.50625 0.1625 0.07578125
0 0.875 0.52890625 0.24140625 0.1828125