0 0.26953125 0.6765625 0.53515625 0.24296875
0 0.27421875 0.45546875 0.51875 0.28671875
0 0.734375 0.41640625 0.43125 0.30390625
0 0.715625 0.6421875 0.41015625 0.20859375
0 0.1375 0.09140625 0.275 0.1828125
0 0.69765625 0.11875 0.26640625 0.134375
0 0.49921875 0.403125 0.99375 0.79921875
0 0.825 0.2609375 0.34609375 0.215625
0 0.12578125 0.23515625 0.2515625 0.2484375
0 0.94453125 0.621875 0.10625 0.17109375
0 0.41875 0.09375 0.3 0.1234375
0 0.96953125 0.45859375 0.05625 0.17890625
0 0.01015625 0.45859375 0.0203125 0.2171875
0 0.4875 0.1 0.1625 0.10234375
0 0.45625 0.24453125 0.425 0.2515625