0 0.49765625 0.3375 0.99140625 0.67421875
0 0.85 0.11171875 0.24375 0.2234375
0 0.54375 0.1140625 0.41875 0.228125
0 0.22890625 0.53984375 0.4578125 0.2171875
0 0.84375 0.303125 0.25859375 0.1765625
0 0.20625 0.3375 0.4125 0.25625
0 0.56171875 0.3140625 0.37734375 0.196875
0 0.19453125 0.11875 0.3890625 0.2375
0 0.59140625 0.4671875 0.35390625 0.22265625
0 0.97421875 0.103125 0.04765625 0.20625
0 0.85703125 0.453125 0.24375 0.1578125
0 0.23046875 0.32578125 0.46015625 0.6484375
0 0.971875 0.29453125 0.05234375 0.178125
0 0.55546875 0.2921875 0.44765625 0.5828125