0 0.4984375 0.3546875 0.99375 0.709375
0 0.26875 0.54140625 0.47109375 0.21953125
0 0.234375 0.34296875 0.46875 0.25
0 0.59296875 0.11875 0.38984375 0.23671875
0 0.87421875 0.11875 0.24375 0.234375
0 0.60703125 0.3234375 0.34765625 0.19453125
0 0.225 0.121875 0.45 0.24375
0 0.87109375 0.3125 0.24609375 0.16953125
0 0.87890625 0.4578125 0.23359375 0.1546875
0 0.61796875 0.49375 0.31875 0.18046875
0 0.028125 0.521875 0.05625 0.3078125
0 0.25078125 0.32578125 0.5015625 0.6515625
0 0.66953125 0.1359375 0.23125 0.19609375