0 0.49921875 0.35546875 0.99375 0.7109375
0 0.20625 0.3703125 0.4125 0.2453125
0 0.19921875 0.13125 0.39765625 0.26171875
0 0.22265625 0.56015625 0.4453125 0.2109375
0 0.52265625 0.35234375 0.32109375 0.19921875
0 0.821875 0.1515625 0.32265625 0.23671875
0 0.525 0.165625 0.28359375 0.18984375
0 0.55234375 0.50859375 0.2875 0.17578125
0 0.759375 0.33984375 0.17734375 0.153125
0 0.7625 0.475 0.15859375 0.13671875
0 0.90625 0.328125 0.15 0.13203125
0 0.89765625 0.44375 0.14140625 0.1265625
0 0.67734375 0.06328125 0.3125 0.1265625