0 0.49765625 0.31484375 0.99140625 0.6296875
0 0.71484375 0.08515625 0.2765625 0.1703125
0 0.284375 0.3421875 0.41484375 0.259375
0 0.29375 0.5375 0.39609375 0.1828125
0 0.68984375 0.5296875 0.4 0.1765625
0 0.68984375 0.34375 0.39609375 0.2390625
0 0.509375 0.190625 0.37734375 0.20625
0 0.16171875 0.20625 0.32265625 0.21015625
0 0.1625 0.0734375 0.26640625 0.14609375
0 0.84140625 0.19375 0.29609375 0.17421875
0 0.43046875 0.08359375 0.28515625 0.1671875
0 0.05078125 0.540625 0.1015625 0.16875
0 0.92265625 0.44609375 0.09140625 0.1203125
0 0.915625 0.34140625 0.12734375 0.13359375
0 0.046875 0.378125 0.09375 0.18046875
0 0.978125 0.4046875 0.03984375 0.08125
0 0.83984375 0.31015625 0.28359375 0.1984375