0 0.49921875 0.33359375 0.99375 0.5421875
0 0.34140625 0.38359375 0.33359375 0.17890625
0 0.66640625 0.35859375 0.325 0.19609375
0 0.334375 0.1328125 0.22265625 0.1453125
0 0.11328125 0.1453125 0.2265625 0.121875
0 0.78671875 0.13125 0.24375 0.1296875
0 0.35390625 0.521875 0.33359375 0.14296875
0 0.09453125 0.37265625 0.1890625 0.2140625
0 0.19765625 0.24140625 0.30390625 0.17578125
0 0.90234375 0.49765625 0.19140625 0.12734375
0 0.66328125 0.50859375 0.30625 0.1359375
0 0.48828125 0.2484375 0.30234375 0.17109375
0 0.909375 0.3640625 0.17734375 0.16015625
0 0.096875 0.53515625 0.19375 0.14140625
0 0.55625 0.1421875 0.22109375 0.13359375
0 0.50234375 0.12890625 0.11640625 0.10703125
0 0.77578125 0.2390625 0.28515625 0.15703125
0 0.95390625 0.24765625 0.0875 0.08515625
0 0.02734375 0.24375 0.05390625 0.15546875