0 0.49765625 0.396875 0.9953125 0.440625
0 0.284375 0.54765625 0.23125 0.1140625
0 0.0875 0.55859375 0.175 0.1140625
0 0.2875 0.44453125 0.23359375 0.10625
0 0.50234375 0.44609375 0.2 0.109375
0 0.08984375 0.4484375 0.17890625 0.1140625
0 0.30546875 0.275 0.19765625 0.0953125
0 0.49765625 0.5421875 0.2 0.096875
0 0.67421875 0.3734375 0.17734375 0.08515625
0 0.10390625 0.246875 0.2078125 0.13125
0 0.68125 0.5421875 0.17109375 0.08984375
0 0.20078125 0.34609375 0.21484375 0.0953125
0 0.68359375 0.45703125 0.17109375 0.08828125