0 0.49921875 0.396875 0.99375 0.44921875
0 0.109375 0.55859375 0.21875 0.115625
0 0.325 0.546875 0.22890625 0.11328125
0 0.54140625 0.44609375 0.2 0.109375
0 0.11015625 0.440625 0.2203125 0.128125
0 0.53671875 0.5421875 0.19765625 0.0953125
0 0.32890625 0.44453125 0.22890625 0.10390625
0 0.71953125 0.5421875 0.16875 0.0875
0 0.71328125 0.37265625 0.17734375 0.0875
0 0.72421875 0.45703125 0.16875 0.08828125
0 0.24453125 0.34765625 0.21015625 0.09453125
0 0.87578125 0.53203125 0.14765625 0.09453125