0 0.49921875 0.3265625 0.99375 0.57578125
0 0.82890625 0.1234375 0.27109375 0.1640625
0 0.57421875 0.12578125 0.23984375 0.15
0 0.57265625 0.35703125 0.3625 0.23125
0 0.209375 0.5328125 0.36484375 0.16015625
0 0.8625 0.52734375 0.27109375 0.1546875
0 0.20078125 0.38046875 0.37265625 0.1921875
0 0.73671875 0.23203125 0.32734375 0.17890625
0 0.5625 0.53046875 0.34609375 0.1578125
0 0.86796875 0.37109375 0.26015625 0.196875
0 0.11640625 0.1203125 0.2328125 0.11875
0 0.33671875 0.1140625 0.23984375 0.1546875
0 0.40546875 0.23984375 0.33984375 0.18515625
0 0.12421875 0.2328125 0.24765625 0.16640625
0 0.01875 0.5265625 0.0375 0.1359375
0 0.01796875 0.3890625 0.03515625 0.15078125
0 0.94453125 0.23671875 0.10625 0.14609375