0 0.49921875 0.3859375 0.99375 0.76640625
0 0.51015625 0.36484375 0.40859375 0.19453125
0 0.175 0.36640625 0.34609375 0.26640625
0 0.24609375 0.56875 0.31640625 0.24140625
0 0.07578125 0.6390625 0.1515625 0.25625
0 0.17109375 0.1921875 0.275 0.1625
0 0.55 0.52265625 0.35859375 0.159375
0 0.1 0.08046875 0.2 0.16015625
0 0.91015625 0.1984375 0.15859375 0.1859375
0 0.51640625 0.15078125 0.43359375 0.259375
0 0.77734375 0.35390625 0.14609375 0.16015625
0 0.440625 0.0640625 0.540625 0.128125
0 0.05078125 0.39140625 0.1015625 0.2796875
0 0.78203125 0.20546875 0.11484375 0.14609375
0 0.94296875 0.33984375 0.07734375 0.10859375
0 0.875 0.3484375 0.07890625 0.13125
0 0.81015625 0.475 0.19609375 0.1578125
0 0.20234375 0.496875 0.40390625 0.534375