0 0.49921875 0.3859375 0.99375 0.76875
0 0.19296875 0.3671875 0.34375 0.26328125
0 0.525 0.3640625 0.40390625 0.19140625
0 0.18515625 0.190625 0.275 0.159375
0 0.08828125 0.63828125 0.1765625 0.2609375
0 0.52890625 0.1515625 0.425 0.25859375
0 0.56328125 0.52265625 0.35234375 0.153125
0 0.06328125 0.3875 0.1265625 0.29375
0 0.45234375 0.0640625 0.5359375 0.128125
0 0.79140625 0.20546875 0.11640625 0.14609375
0 0.7875 0.353125 0.14140625 0.15703125
0 0.10703125 0.08046875 0.2140625 0.1609375
0 0.94765625 0.3375 0.07890625 0.109375
0 0.88359375 0.3453125 0.075 0.12109375
0 0.26640625 0.56640625 0.30859375 0.240625
0 0.81796875 0.47265625 0.19375 0.159375
0 0.91640625 0.19765625 0.15 0.18515625