0 0.49921875 0.36328125 0.99375 0.50234375
0 0.1875 0.39765625 0.32109375 0.19609375
0 0.48984375 0.4078125 0.29609375 0.16015625
0 0.778125 0.38125 0.28984375 0.18359375
0 0.4125 0.1765625 0.20859375 0.1359375
0 0.1875 0.5453125 0.31640625 0.13828125
0 0.49609375 0.53359375 0.30390625 0.13359375
0 0.19921875 0.184375 0.21875 0.11640625
0 0.8625 0.27734375 0.25859375 0.140625
0 0.77421875 0.52265625 0.28125 0.125
0 0.10625 0.296875 0.2125 0.1453125
0 0.34296875 0.28046875 0.27265625 0.1625
0 0.83515625 0.17578125 0.2125 0.115625
0 0.04453125 0.1828125 0.0890625 0.115625
0 0.60625 0.28515625 0.27109375 0.1453125
0 0.94765625 0.51484375 0.1 0.11171875