0 0.49765625 0.31171875 0.99140625 0.6234375
0 0.21875 0.49453125 0.4375 0.2296875
0 0.53125 0.2625 0.4 0.20625
0 0.83671875 0.24609375 0.26484375 0.1875
0 0.83984375 0.0828125 0.2625 0.16484375
0 0.57578125 0.415625 0.40625 0.24375
0 0.5125 0.0875 0.45 0.17421875
0 0.96953125 0.23828125 0.05625 0.19375
0 0.84140625 0.24453125 0.275 0.4890625
0 0.18828125 0.28671875 0.3765625 0.2703125
0 0.853125 0.40546875 0.25234375 0.1625
0 0.16953125 0.0859375 0.3390625 0.171875
0 0.96953125 0.071875 0.05625 0.14375
0 0.225 0.3046875 0.45 0.609375
0 0.96796875 0.25625 0.0578125 0.5125
0 0.53203125 0.27265625 0.48984375 0.54453125
0 0.97734375 0.4203125 0.04140625 0.1828125