0 0.5 0.4046875 0.99609375 0.49140625
0 0.67265625 0.5296875 0.22890625 0.1671875
0 0.1875 0.4140625 0.21640625 0.12265625
0 0.73828125 0.246875 0.22734375 0.15703125
0 0.471875 0.51328125 0.19765625 0.15234375
0 0.30703125 0.50390625 0.16875 0.13359375
0 0.60078125 0.359375 0.18515625 0.10390625
0 0.54375 0.25625 0.18359375 0.14296875
0 0.15234375 0.515625 0.17109375 0.0921875
0 0.38984375 0.26328125 0.17109375 0.1265625
0 0.94921875 0.35234375 0.09765625 0.11875
0 0.43984375 0.36328125 0.15390625 0.0921875
0 0.91875 0.234375 0.15859375 0.159375
0 0.29765625 0.35234375 0.1375 0.11875
0 0.79375 0.3484375 0.21640625 0.13125
0 0.878125 0.54296875 0.23515625 0.2015625