0 0.49921875 0.321875 0.99375 0.56875
0 0.584375 0.35390625 0.35625 0.2265625
0 0.12890625 0.18828125 0.2578125 0.2546875
0 0.825 0.12109375 0.25859375 0.16015625
0 0.22578125 0.52734375 0.36484375 0.1578125
0 0.33125 0.109375 0.23359375 0.15
0 0.86640625 0.51875 0.2625 0.15078125
0 0.565625 0.1265625 0.23515625 0.15078125
0 0.57421875 0.52265625 0.33984375 0.1546875
0 0.87265625 0.36640625 0.25 0.19140625
0 0.415625 0.2375 0.33125 0.18046875
0 0.73984375 0.23203125 0.32109375 0.16953125
0 0.94453125 0.234375 0.10625 0.14375
0 0.11640625 0.1203125 0.2328125 0.121875
0 0.21796875 0.3765625 0.36875 0.19140625
0 0.028125 0.525 0.05625 0.1359375
0 0.02578125 0.38828125 0.0515625 0.1484375