0 0.49765625 0.39453125 0.9953125 0.4484375
0 0.10078125 0.5625 0.2015625 0.109375
0 0.321875 0.5546875 0.24765625 0.11171875
0 0.54921875 0.54765625 0.21875 0.109375
0 0.10390625 0.4390625 0.2078125 0.14375
0 0.32265625 0.43046875 0.25 0.153125
0 0.475 0.3546875 0.19609375 0.0875
0 0.57265625 0.2875 0.1875 0.08828125
0 0.76171875 0.4515625 0.20234375 0.10625
0 0.75625 0.5453125 0.20390625 0.0953125
0 0.26796875 0.34765625 0.21875 0.10859375
0 0.92265625 0.37578125 0.15 0.08828125
0 0.928125 0.54765625 0.13984375 0.090625
0 0.553125 0.43984375 0.21875 0.1203125