0 0.88515625 0.3953125 0.225 0.359375
0 0.78828125 0.51328125 0.19765625 0.10703125
0 0.21640625 0.5109375 0.21640625 0.14609375
0 0.42734375 0.5109375 0.22109375 0.15078125
0 0.59765625 0.5203125 0.18359375 0.08828125
0 0.86640625 0.43046875 0.1875 0.0875
0 0.44453125 0.50859375 0.8890625 0.1546875
0 0.05546875 0.525 0.11015625 0.115625
0 0.40078125 0.46015625 0.15234375 0.053125
0 0.96484375 0.52578125 0.06640625 0.0921875
0 0.91875 0.2796875 0.15390625 0.11796875
0 0.49765625 0.40234375 0.9953125 0.3703125