0 0.49921875 0.32109375 0.99375 0.5671875
0 0.82421875 0.12109375 0.25625 0.159375
0 0.13046875 0.18828125 0.26015625 0.25390625
0 0.21875 0.375 0.36640625 0.19140625
0 0.33125 0.109375 0.23359375 0.15
0 0.56484375 0.1265625 0.2375 0.15078125
0 0.58671875 0.35234375 0.35625 0.2265625
0 0.57578125 0.52265625 0.33984375 0.1546875
0 0.22734375 0.52578125 0.3625 0.1578125
0 0.871875 0.365625 0.25234375 0.19140625
0 0.73984375 0.23359375 0.32109375 0.16484375
0 0.415625 0.23828125 0.33125 0.17890625
0 0.86640625 0.51796875 0.2625 0.15
0 0.94453125 0.23203125 0.10625 0.14140625
0 0.11640625 0.11953125 0.2328125 0.1203125
0 0.02734375 0.38671875 0.05390625 0.1484375
0 0.02890625 0.52421875 0.0578125 0.1390625