0 0.4984375 0.3640625 0.99375 0.728125
0 0.784375 0.13046875 0.42265625 0.2609375
0 0.41953125 0.14453125 0.36875 0.21328125
0 0.12578125 0.12265625 0.2515625 0.2453125
0 0.46796875 0.52265625 0.34765625 0.19453125
0 0.41484375 0.3515625 0.41640625 0.21953125
0 0.13984375 0.36640625 0.27890625 0.2609375
0 0.90390625 0.13046875 0.1875 0.25625
0 0.90859375 0.32578125 0.175 0.14609375
0 0.16171875 0.575 0.32265625 0.24140625
0 0.72109375 0.4796875 0.225 0.16015625
0 0.71640625 0.33515625 0.23359375 0.16640625
0 0.90703125 0.45078125 0.16875 0.13828125
0 0.45703125 0.04453125 0.36015625 0.08828125