0 0.72109375 0.08515625 0.2765625 0.1703125
0 0.29375 0.34296875 0.4125 0.25703125
0 0.43671875 0.084375 0.28515625 0.16875
0 0.696875 0.53125 0.39765625 0.17578125
0 0.49921875 0.315625 0.99375 0.63125
0 0.303125 0.5375 0.39375 0.1828125
0 0.70078125 0.34609375 0.40234375 0.23671875
0 0.16875 0.0734375 0.265625 0.146875
0 0.84765625 0.19765625 0.3 0.18046875
0 0.165625 0.2078125 0.33125 0.20859375
0 0.51640625 0.19296875 0.375 0.20625
0 0.05546875 0.54453125 0.11015625 0.1734375
0 0.05078125 0.37890625 0.1015625 0.1828125
0 0.93125 0.3421875 0.10390625 0.1265625
0 0.92890625 0.446875 0.0875 0.11796875
0 0.84296875 0.31015625 0.28515625 0.19375