0 0.49765625 0.3203125 0.99140625 0.640625
0 0.221875 0.5109375 0.44375 0.21953125
0 0.51796875 0.09453125 0.44375 0.1890625
0 0.19296875 0.30234375 0.38515625 0.26796875
0 0.84296875 0.09296875 0.25625 0.1859375
0 0.84375 0.26328125 0.25 0.18359375
0 0.53984375 0.27734375 0.39609375 0.203125
0 0.97109375 0.253125 0.05390625 0.18984375
0 0.56796875 0.44609375 0.36015625 0.20390625
0 0.175 0.0921875 0.35 0.184375
0 0.85390625 0.4171875 0.25 0.16015625
0 0.221875 0.31171875 0.44375 0.62109375
0 0.52890625 0.27734375 0.47109375 0.55390625
0 0.97109375 0.0796875 0.05390625 0.159375
0 0.978125 0.43046875 0.03984375 0.17421875