0 0.39296875 0.39609375 0.28984375 0.18125
0 0.12734375 0.4078125 0.25390625 0.1671875
0 0.15390625 0.20234375 0.2125 0.12890625
0 0.56640625 0.18515625 0.20859375 0.12734375
0 0.36015625 0.1953125 0.20859375 0.11171875
0 0.2625 0.29921875 0.27890625 0.13671875
0 0.67109375 0.40703125 0.275 0.15078125
0 0.384375 0.53359375 0.28515625 0.1265625
0 0.121875 0.5453125 0.24375 0.12109375
0 0.67109375 0.525 0.2875 0.1234375
0 0.52578125 0.30078125 0.25234375 0.1203125
0 0.06328125 0.290625 0.1265625 0.1
0 0.9 0.38515625 0.19140625 0.17109375
0 0.77734375 0.28828125 0.25390625 0.140625
0 0.9 0.51640625 0.19609375 0.1203125
0 0.93125 0.1890625 0.12890625 0.11796875
0 0.94765625 0.29296875 0.1 0.10234375
0 0.7671875 0.2 0.20078125 0.075