0 0.49921875 0.4046875 0.99765625 0.44453125
0 0.125 0.25234375 0.24609375 0.14140625
0 0.50625 0.5625 0.24140625 0.10859375
0 0.259375 0.5640625 0.26015625 0.11640625
0 0.51015625 0.4390625 0.24140625 0.15234375
0 0.26484375 0.4453125 0.26640625 0.15
0 0.73125 0.5578125 0.225 0.10859375
0 0.57890625 0.2890625 0.17890625 0.096875
0 0.73828125 0.46015625 0.22265625 0.1
0 0.45859375 0.36015625 0.20859375 0.1046875
0 0.06640625 0.43671875 0.1328125 0.1609375
0 0.91796875 0.55859375 0.16015625 0.09453125
0 0.659375 0.36796875 0.19765625 0.0921875
0 0.921875 0.46328125 0.15234375 0.10390625
0 0.5 0.26171875 0.99140625 0.16484375
0 0.06640625 0.5640625 0.1328125 0.11875