0 0.49921875 0.36015625 0.99375 0.7203125
0 0.18671875 0.3671875 0.37265625 0.25390625
0 0.48828125 0.35 0.35234375 0.20546875
0 0.20546875 0.5640625 0.41015625 0.21796875
0 0.17578125 0.12578125 0.3515625 0.2484375
0 0.80390625 0.13359375 0.37109375 0.26640625
0 0.490625 0.15859375 0.31484375 0.19453125
0 0.52578125 0.51015625 0.31015625 0.178125
0 0.746875 0.3359375 0.20234375 0.1578125
0 0.90703125 0.140625 0.16875 0.24609375
0 0.91171875 0.32578125 0.15625 0.134375
0 0.753125 0.475 0.17265625 0.14140625
0 0.73984375 0.1875 0.2375 0.15546875
0 0.90390625 0.44296875 0.15 0.13125
0 0.49765625 0.13203125 0.99140625 0.26171875