0 0.46640625 0.53046875 0.22109375 0.11328125
0 0.83046875 0.515625 0.20234375 0.10625
0 0.90625 0.40546875 0.18359375 0.3109375
0 0.078125 0.51171875 0.15625 0.14375
0 0.25625 0.5140625 0.20859375 0.14140625
0 0.63828125 0.521875 0.18515625 0.090625
0 0.90625 0.43203125 0.17890625 0.08359375
0 0.46796875 0.509375 0.93515625 0.153125
0 0.96015625 0.5140625 0.075 0.0875
0 0.84375 0.4296875 0.05859375 0.0765625
0 0.915625 0.36015625 0.16015625 0.0859375
0 0.94140625 0.2953125 0.1125 0.0859375
0 0.8625 0.36015625 0.05859375 0.08359375
0 0.49921875 0.41875 0.99375 0.33984375