0 0.44921875 0.45703125 0.53515625 0.3078125
0 0.81875 0.72734375 0.35859375 0.28984375
0 0.84296875 0.47421875 0.31015625 0.35625
0 0.40625 0.68828125 0.4875 0.25390625
0 0.78203125 0.26875 0.42734375 0.25
0 0.09609375 0.49453125 0.19140625 0.19453125
0 0.49921875 0.4609375 0.99375 0.82109375
0 0.72265625 0.12734375 0.30859375 0.15546875
0 0.93671875 0.1078125 0.12265625 0.1234375
0 0.16640625 0.19609375 0.25 0.16015625
0 0.21015625 0.24375 0.41640625 0.25390625
0 0.50625 0.265625 0.2 0.17421875
0 0.2 0.31015625 0.17890625 0.11796875
0 0.06484375 0.4046875 0.12890625 0.08046875
0 0.03125 0.19609375 0.0625 0.11875
0 0.05859375 0.30703125 0.11640625 0.1265625
0 0.65390625 0.1390625 0.175 0.1296875
0 0.33125 0.22421875 0.17890625 0.153125
0 0.17578125 0.38828125 0.09375 0.05078125