0 0.790625 0.72109375 0.41484375 0.28671875
0 0.81328125 0.471875 0.36875 0.3515625
0 0.39140625 0.45546875 0.53359375 0.3015625
0 0.35234375 0.684375 0.4875 0.24609375
0 0.75078125 0.26171875 0.48515625 0.2546875
0 0.5 0.45546875 0.99140625 0.81484375
0 0.89375 0.12578125 0.20859375 0.159375
0 0.6625 0.121875 0.29609375 0.15
0 0.06640625 0.490625 0.1328125 0.196875
0 0.44921875 0.26015625 0.18984375 0.16875
0 0.18203125 0.34921875 0.3640625 0.4796875
0 0.12578125 0.190625 0.2515625 0.159375
0 0.159375 0.2390625 0.31875 0.25390625
0 0.27734375 0.2171875 0.17890625 0.1546875
0 0.03203125 0.31640625 0.0640625 0.0984375
0 0.13046875 0.30546875 0.14765625 0.1203125
0 0.1875 0.2890625 0.2625 0.153125