0 0.25859375 0.3734375 0.35390625 0.1859375
0 0.14140625 0.22265625 0.2828125 0.1859375
0 0.321875 0.11328125 0.22734375 0.1484375
0 0.26796875 0.51953125 0.35625 0.15234375
0 0.609375 0.34765625 0.34375 0.2203125
0 0.79375 0.12109375 0.25859375 0.15
0 0.87578125 0.50703125 0.24375 0.13671875
0 0.603125 0.5125 0.32265625 0.14765625
0 0.10703125 0.12265625 0.2140625 0.1234375
0 0.43515625 0.23828125 0.32109375 0.1765625
0 0.74375 0.24375 0.30390625 0.13828125
0 0.55 0.1265625 0.22890625 0.1453125
0 0.88203125 0.35625 0.23125 0.1859375
0 0.046875 0.375 0.09375 0.18125
0 0.05 0.52734375 0.1 0.14375
0 0.94375 0.215625 0.10859375 0.134375