0 0.49921875 0.3828125 0.99375 0.76328125
0 0.640625 0.35 0.37265625 0.1890625
0 0.41328125 0.5421875 0.25234375 0.22734375
0 0.16875 0.6265625 0.3375 0.27734375
0 0.30546875 0.178125 0.27265625 0.14609375
0 0.26875 0.48203125 0.53359375 0.5625
0 0.67734375 0.5015625 0.325 0.15234375
0 0.15 0.375 0.3 0.33515625
0 0.95703125 0.190625 0.08125 0.17578125
0 0.0875 0.13359375 0.175 0.22890625
0 0.16484375 0.06875 0.3234375 0.1375
0 0.90234375 0.340625 0.16640625 0.15078125
0 0.63671875 0.17578125 0.40234375 0.19609375
0 0.55546875 0.0625 0.51484375 0.125
0 0.87734375 0.1890625 0.1 0.15703125
0 0.32578125 0.3453125 0.31875 0.2640625
0 0.903125 0.4578125 0.17265625 0.15078125