0 0.49921875 0.403125 0.99765625 0.47421875
0 0.81796875 0.5421875 0.23125 0.15234375
0 0.915625 0.3484375 0.16015625 0.13125
0 0.95625 0.56015625 0.08359375 0.15078125
0 0.75078125 0.3578125 0.19375 0.1046875
0 0.44609375 0.50546875 0.15390625 0.13125
0 0.88515625 0.24375 0.22109375 0.159375
0 0.61640625 0.53671875 0.2 0.1109375
0 0.3375 0.42109375 0.20859375 0.10625
0 0.58515625 0.3640625 0.15390625 0.0921875
0 0.30078125 0.51328125 0.16015625 0.090625
0 0.71875 0.246875 0.55390625 0.1640625
0 0.121875 0.42890625 0.17265625 0.0859375
0 0.11796875 0.50625 0.16484375 0.0765625