0 0.49921875 0.396875 0.99765625 0.4421875
0 0.85390625 0.51484375 0.21640625 0.159375
0 0.56796875 0.41484375 0.20234375 0.11875
0 0.68203125 0.5015625 0.17265625 0.13828125
0 0.53125 0.5125 0.15859375 0.090625
0 0.17890625 0.42421875 0.20859375 0.09296875
0 0.91640625 0.27265625 0.15859375 0.096875
0 0.840625 0.2484375 0.31015625 0.153125
0 0.19140625 0.328125 0.21640625 0.11875
0 0.17578125 0.50390625 0.21015625 0.08515625
0 0.74140625 0.265625 0.11640625 0.12109375
0 0.359375 0.42890625 0.16015625 0.08515625
0 0.82265625 0.3625 0.1625 0.08828125