0 0.49921875 0.40234375 0.99765625 0.4953125
0 0.928125 0.56015625 0.13984375 0.18125
0 0.80859375 0.44921875 0.2625 0.13203125
0 0.27734375 0.34765625 0.19140625 0.13203125
0 0.10234375 0.44375 0.20390625 0.11796875
0 0.76875 0.559375 0.225 0.11875
0 0.1 0.5484375 0.2 0.10625
0 0.28828125 0.54453125 0.17734375 0.090625
0 0.290625 0.45625 0.17734375 0.08984375
0 0.09296875 0.3484375 0.18515625 0.10234375
0 0.596875 0.45078125 0.16875 0.10703125
0 0.6 0.34453125 0.18359375 0.1109375
0 0.58203125 0.5421875 0.16875 0.1046875
0 0.87265625 0.2328125 0.24609375 0.16171875
0 0.43984375 0.35625 0.14140625 0.09453125
0 0.965625 0.453125 0.06484375 0.09921875
0 0.44921875 0.44765625 0.13984375 0.0953125
0 0.44375 0.53203125 0.1375 0.0921875
0 0.80625 0.34453125 0.26640625 0.115625