0 0.49921875 0.4046875 0.99765625 0.48828125
0 0.89453125 0.5828125 0.20625 0.1203125
0 0.70234375 0.5265625 0.22890625 0.17578125
0 0.21953125 0.41484375 0.21484375 0.1203125
0 0.63203125 0.36171875 0.18515625 0.09765625
0 0.503125 0.5140625 0.19765625 0.153125
0 0.46875 0.36484375 0.15390625 0.09296875
0 0.57578125 0.25703125 0.18125 0.14375
0 0.33671875 0.5046875 0.16875 0.13203125
0 0.771875 0.246875 0.23125 0.15703125
0 0.18359375 0.515625 0.16640625 0.0921875
0 0.32890625 0.35234375 0.1375 0.11875
0 0.41953125 0.265625 0.16875 0.12734375
0 0.82578125 0.35 0.22265625 0.13125
0 0.93515625 0.23515625 0.125 0.15703125
0 0.04375 0.29765625 0.0875 0.1828125