0 0.49765625 0.39765625 0.9953125 0.4390625
0 0.090625 0.5578125 0.18125 0.11328125
0 0.09296875 0.425 0.18515625 0.16171875
0 0.290625 0.546875 0.23125 0.11328125
0 0.29609375 0.44453125 0.22890625 0.10390625
0 0.50390625 0.5421875 0.2 0.096875
0 0.31015625 0.27578125 0.19609375 0.09453125
0 0.68671875 0.54296875 0.16875 0.08828125
0 0.68046875 0.37265625 0.17734375 0.0875
0 0.20859375 0.34765625 0.2125 0.0953125
0 0.10703125 0.246875 0.2140625 0.13125
0 0.690625 0.45625 0.16875 0.0875
0 0.509375 0.44609375 0.19765625 0.109375