0 0.365625 0.3859375 0.32734375 0.1765625
0 0.68515625 0.36328125 0.32109375 0.1859375
0 0.34296875 0.1390625 0.22265625 0.14609375
0 0.10625 0.37421875 0.2125 0.21328125
0 0.11875 0.15234375 0.23359375 0.1234375
0 0.37734375 0.521875 0.32890625 0.14296875
0 0.79140625 0.134375 0.24140625 0.125
0 0.21875 0.2484375 0.30390625 0.16953125
0 0.790625 0.24921875 0.28125 0.140625
0 0.684375 0.51015625 0.30234375 0.13359375
0 0.109375 0.5375 0.21875 0.14296875
0 0.91015625 0.5 0.175 0.12265625
0 0.50703125 0.25078125 0.29765625 0.16875
0 0.91796875 0.36484375 0.16015625 0.159375
0 0.565625 0.146875 0.22265625 0.13125
0 0.03671875 0.2421875 0.07265625 0.159375
0 0.509375 0.13359375 0.11484375 0.10390625
0 0.95859375 0.221875 0.07890625 0.1390625