0 0.18125 0.70859375 0.1640625 0.2140625
0 0.48125 0.48515625 0.13984375 0.27421875
0 0.1796875 0.48125 0.16953125 0.2890625
0 0.290625 0.165625 0.1328125 0.25078125
0 0.33671875 0.4796875 0.15234375 0.29140625
0 0.74765625 0.52265625 0.1328125 0.21015625
0 0.215625 0.31328125 0.134375 0.2359375
0 0.6140625 0.7046875 0.13671875 0.20703125
0 0.334375 0.71484375 0.15 0.20078125
0 0.8734375 0.715625 0.125 0.1734375
0 0.615625 0.47890625 0.13828125 0.26875
0 0.7453125 0.7078125 0.1328125 0.184375
0 0.071875 0.4640625 0.0890625 0.18125
0 0.73203125 0.32578125 0.14609375 0.2578125
0 0.478125 0.7078125 0.1421875 0.20859375
0 0.8671875 0.340625 0.1296875 0.25703125
0 0.87421875 0.55078125 0.1234375 0.17890625
0 0.96484375 0.346875 0.06796875 0.19765625
0 0.4140625 0.18359375 0.121875 0.2390625
0 0.346875 0.34453125 0.1296875 0.18203125
0 0.64375 0.2015625 0.1125 0.22578125
0 0.46875 0.3453125 0.11796875 0.18359375
0 0.96875 0.53125 0.0609375 0.184375
0 0.58359375 0.359375 0.1140625 0.165625
0 0.9671875 0.7078125 0.0640625 0.19140625
0 0.74921875 0.184375 0.11171875 0.18203125
0 0.93984375 0.18671875 0.0953125 0.2
0 0.896875 0.19921875 0.10078125 0.1734375
0 0.53125 0.1953125 0.1171875 0.2296875