0 0.18515625 0.39765625 0.32109375 0.1984375
0 0.4875 0.4078125 0.29609375 0.16015625
0 0.77578125 0.38125 0.28984375 0.18359375
0 0.184375 0.54453125 0.31875 0.1390625
0 0.49375 0.53359375 0.30390625 0.13359375
0 0.77265625 0.52265625 0.27890625 0.125
0 0.41171875 0.1765625 0.21015625 0.1359375
0 0.86171875 0.27890625 0.25625 0.13828125
0 0.19609375 0.184375 0.22109375 0.11640625
0 0.834375 0.175 0.21015625 0.11640625
0 0.10390625 0.296875 0.2078125 0.14375
0 0.340625 0.278125 0.27265625 0.16484375
0 0.60390625 0.2828125 0.27109375 0.1484375
0 0.04375 0.18125 0.0875 0.115625
0 0.62421875 0.1765625 0.22265625 0.109375
0 0.946875 0.515625 0.10234375 0.10859375
0 0.965625 0.4078125 0.06875 0.11875