0 0.32578125 0.5421875 0.27734375 0.17890625
0 0.33671875 0.384375 0.67265625 0.4953125
0 0.778125 0.53515625 0.21875 0.134375
0 0.940625 0.5578125 0.11484375 0.115625
0 0.12578125 0.43515625 0.2515625 0.1359375
0 0.103125 0.5578125 0.20625 0.134375
0 0.12421875 0.31015625 0.24765625 0.16015625
0 0.16640625 0.21796875 0.24609375 0.1671875
0 0.31640625 0.33515625 0.15 0.13828125
0 0.61328125 0.37265625 0.06875 0.08984375
0 0.50234375 0.5359375 0.1125 0.13125
0 0.465625 0.5375 0.56015625 0.196875
0 0.58828125 0.51484375 0.08515625 0.12890625
0 0.509375 0.36640625 0.07265625 0.08984375
0 0.43125 0.3609375 0.0875 0.09453125
0 0.68359375 0.5015625 0.125 0.125