0 0.24765625 0.37421875 0.35859375 0.1875
0 0.32265625 0.1125 0.22890625 0.15
0 0.803125 0.121875 0.25234375 0.15234375
0 0.60390625 0.35 0.34609375 0.221875
0 0.25625 0.521875 0.35859375 0.1546875
0 0.109375 0.12265625 0.21875 0.12265625
0 0.87421875 0.50859375 0.24765625 0.14296875
0 0.13828125 0.22421875 0.2765625 0.1859375
0 0.59609375 0.515625 0.32890625 0.15078125
0 0.43046875 0.2390625 0.32265625 0.1765625
0 0.55390625 0.1265625 0.23359375 0.14375
0 0.87890625 0.36171875 0.2375 0.18515625
0 0.74375 0.24375 0.30859375 0.140625
0 0.94453125 0.2203125 0.10625 0.13828125
0 0.04140625 0.384375 0.0828125 0.159375
0 0.04453125 0.528125 0.0890625 0.14375