0 0.49765625 0.3203125 0.9953125 0.565625
0 0.228125 0.37421875 0.36484375 0.18984375
0 0.821875 0.121875 0.25234375 0.159375
0 0.23671875 0.525 0.36015625 0.15546875
0 0.59140625 0.35078125 0.35390625 0.225
0 0.13203125 0.1875 0.2640625 0.253125
0 0.86875 0.515625 0.25859375 0.1484375
0 0.58125 0.5203125 0.3375 0.1546875
0 0.56328125 0.12578125 0.23515625 0.15
0 0.33203125 0.109375 0.23125 0.15078125
0 0.87578125 0.3640625 0.24375 0.18984375
0 0.74140625 0.22890625 0.31640625 0.171875
0 0.42109375 0.234375 0.32890625 0.1875
0 0.94609375 0.23046875 0.10390625 0.13828125
0 0.11328125 0.11796875 0.2265625 0.1171875
0 0.03359375 0.525 0.06640625 0.14140625
0 0.03125 0.3859375 0.0625 0.1484375