0 0.28046875 0.38125 0.47265625 0.221875
0 0.075 0.59765625 0.15 0.24296875
0 0.49921875 0.3578125 0.99375 0.71328125
0 0.275 0.1453125 0.49140625 0.28515625
0 0.60234375 0.1484375 0.24140625 0.27578125
0 0.61171875 0.3671875 0.23125 0.178125
0 0.96953125 0.18828125 0.05625 0.1921875
0 0.96875 0.303125 0.05859375 0.421875
0 0.775 0.36015625 0.12109375 0.1453125
0 0.04140625 0.396875 0.0828125 0.184375
0 0.628125 0.51328125 0.20234375 0.153125
0 0.82578125 0.19140625 0.22734375 0.21015625
0 0.140625 0.05859375 0.28125 0.1171875
0 0.025 0.2015625 0.05 0.1765625
0 0.96953125 0.33984375 0.05625 0.11875
0 0.88125 0.35 0.10859375 0.11875
0 0.77578125 0.48125 0.11484375 0.12265625
0 0.871875 0.45546875 0.10234375 0.11328125
0 0.971875 0.45625 0.05234375 0.115625
0 0.32578125 0.52109375 0.43984375 0.259375