0 0.36875 0.5921875 0.50390625 0.2296875
0 0.3875 0.35703125 0.6 0.3171875
0 0.225 0.17109375 0.45 0.23828125
0 0.4984375 0.3546875 0.99375 0.709375
0 0.6625 0.07421875 0.35390625 0.1484375
0 0.80546875 0.19765625 0.38125 0.17109375
0 0.65234375 0.521875 0.15859375 0.196875
0 0.83203125 0.35234375 0.32734375 0.1625
0 0.3546875 0.06640625 0.29375 0.1328125
0 0.05703125 0.38203125 0.1140625 0.2390625
0 0.85078125 0.484375 0.27734375 0.14296875
0 0.07734375 0.58203125 0.15390625 0.19921875
0 0.528125 0.19140625 0.18125 0.1234375
0 0.109375 0.04921875 0.21875 0.0984375
0 0.80703125 0.290625 0.37734375 0.53203125
0 0.62109375 0.35234375 0.1375 0.2203125
0 0.56171875 0.3421875 0.25625 0.240625