0 0.63984375 0.69609375 0.5375 0.27109375
0 0.21640625 0.44140625 0.4328125 0.2984375
0 0.68671875 0.440625 0.55625 0.35703125
0 0.18984375 0.684375 0.37890625 0.2109375
0 0.865625 0.22890625 0.26484375 0.30390625
0 0.50625 0.24609375 0.4875 0.25703125
0 0.74296875 0.11640625 0.33125 0.153125
0 0.49921875 0.4359375 0.99375 0.79375
0 0.946875 0.703125 0.10234375 0.25625
0 0.21328125 0.2390625 0.14765625 0.1578125
0 0.96640625 0.490625 0.0625 0.2265625
0 0.44453125 0.10546875 0.28984375 0.13359375
0 0.93984375 0.10859375 0.11640625 0.125
0 0.075 0.2046875 0.15 0.14296875
0 0.5 0.209375 0.99140625 0.340625
0 0.04921875 0.25859375 0.09765625 0.11875