0 0.51796875 0.40859375 0.95625 0.43984375
0 0.1875 0.56328125 0.275 0.11640625
0 0.19140625 0.4453125 0.275 0.14765625
0 0.32421875 0.25625 0.23984375 0.14765625
0 0.69140625 0.56796875 0.24609375 0.11171875
0 0.90078125 0.56640625 0.19375 0.11171875
0 0.44765625 0.5640625 0.25 0.11640625
0 0.54765625 0.26796875 0.21640625 0.1390625
0 0.69921875 0.44375 0.24375 0.1546875
0 0.90703125 0.46640625 0.18125 0.1
0 0.19765625 0.3375 0.24140625 0.1296875
0 0.928125 0.30078125 0.13984375 0.08984375
0 0.646875 0.36328125 0.21015625 0.10390625
0 0.43125 0.3609375 0.225 0.096875
0 0.45546875 0.446875 0.25625 0.15078125
0 0.85234375 0.37109375 0.2 0.090625
0 0.75703125 0.28046875 0.21015625 0.1203125
0 0.03203125 0.54140625 0.0640625 0.1328125