0 0.496875 0.3328125 0.98984375 0.66484375
0 0.546875 0.1140625 0.41875 0.228125
0 0.85390625 0.1125 0.25 0.225
0 0.23046875 0.53984375 0.46015625 0.2203125
0 0.85078125 0.30390625 0.24765625 0.1765625
0 0.565625 0.3171875 0.37734375 0.20078125
0 0.20859375 0.3375 0.41640625 0.25625
0 0.58515625 0.4890625 0.32890625 0.1765625
0 0.859375 0.45390625 0.24375 0.1578125
0 0.19609375 0.11796875 0.39140625 0.2359375
0 0.22890625 0.32578125 0.4578125 0.6484375
0 0.975 0.10390625 0.04609375 0.2078125
0 0.97265625 0.2953125 0.05 0.178125