0 0.77265625 0.7171875 0.45 0.2890625
0 0.79453125 0.46796875 0.40234375 0.346875
0 0.35546875 0.45390625 0.53125 0.296875
0 0.715625 0.2609375 0.48125 0.25
0 0.31796875 0.68125 0.48515625 0.24609375
0 0.40859375 0.25625 0.175 0.16640625
0 0.5 0.453125 0.99140625 0.8140625
0 0.88203125 0.12421875 0.23125 0.15703125
0 0.628125 0.12109375 0.29765625 0.15078125
0 0.16640625 0.34921875 0.3328125 0.4859375
0 0.965625 0.26328125 0.06484375 0.1859375
0 0.115625 0.29765625 0.18984375 0.12890625
0 0.05 0.48984375 0.1 0.19921875
0 0.103125 0.1875 0.20625 0.16015625
0 0.24375 0.21484375 0.17890625 0.153125
0 0.27890625 0.22890625 0.1125 0.1203125
0 0.56484375 0.13203125 0.16640625 0.125