0 0.25703125 0.378125 0.48984375 0.225
0 0.49921875 0.35234375 0.99375 0.70390625
0 0.059375 0.59453125 0.11875 0.23828125
0 0.25 0.14375 0.49609375 0.278125
0 0.30078125 0.5546875 0.44375 0.19453125
0 0.59609375 0.3640625 0.24609375 0.1828125
0 0.584375 0.13984375 0.27265625 0.2796875
0 0.97265625 0.18046875 0.05 0.1984375
0 0.61328125 0.51015625 0.21875 0.16171875
0 0.771875 0.3546875 0.13125 0.14296875
0 0.82890625 0.18125 0.25 0.21796875
0 0.59609375 0.19140625 0.21640625 0.17421875
0 0.878125 0.4515625 0.11015625 0.115625
0 0.88828125 0.3453125 0.11484375 0.12265625
0 0.775 0.4765625 0.12109375 0.1296875
0 0.02578125 0.4234375 0.0515625 0.11875
0 0.975 0.45234375 0.04609375 0.11640625
0 0.97265625 0.33671875 0.05 0.12109375
0 0.48828125 0.1453125 0.97265625 0.2890625