0 0.49921875 0.3140625 0.99375 0.625
0 0.78515625 0.0890625 0.275 0.178125
0 0.41015625 0.3484375 0.39609375 0.2484375
0 0.8 0.35703125 0.39140625 0.21953125
0 0.41015625 0.53515625 0.37890625 0.17421875
0 0.79375 0.53046875 0.39140625 0.16953125
0 0.109375 0.371875 0.21875 0.20859375
0 0.24375 0.07265625 0.2625 0.13828125
0 0.61484375 0.2171875 0.35859375 0.171875
0 0.24765625 0.215625 0.37890625 0.2078125
0 0.1125 0.5421875 0.225 0.1671875
0 0.50625 0.09609375 0.275 0.16640625
0 0.89375 0.2078125 0.20859375 0.16640625
0 0.04140625 0.19375 0.0828125 0.18125
0 0.05390625 0.08046875 0.1078125 0.0828125