0 0.49921875 0.3609375 0.99375 0.721875
0 0.434375 0.1453125 0.36484375 0.21484375
0 0.47421875 0.5203125 0.34375 0.1921875
0 0.7875 0.1296875 0.41640625 0.259375
0 0.42578125 0.35 0.40234375 0.21796875
0 0.14453125 0.36484375 0.2890625 0.2609375
0 0.72109375 0.33359375 0.225 0.16484375
0 0.90546875 0.13125 0.18125 0.25390625
0 0.909375 0.32421875 0.17265625 0.14609375
0 0.721875 0.48125 0.22265625 0.15078125
0 0.13203125 0.12265625 0.2640625 0.2453125
0 0.90625 0.4484375 0.16640625 0.134375
0 0.459375 0.04453125 0.36875 0.0890625
0 0.16796875 0.56640625 0.33515625 0.25390625