0 0.49921875 0.31953125 0.99375 0.5640625
0 0.23359375 0.3734375 0.3625 0.1890625
0 0.815625 0.121875 0.25234375 0.15703125
0 0.24140625 0.5234375 0.35859375 0.15546875
0 0.86953125 0.51328125 0.25625 0.14609375
0 0.32890625 0.109375 0.23359375 0.14765625
0 0.584375 0.51875 0.33515625 0.15078125
0 0.59453125 0.35 0.35234375 0.22421875
0 0.87734375 0.3640625 0.24140625 0.18515625
0 0.109375 0.11875 0.21875 0.11640625
0 0.74140625 0.22734375 0.31640625 0.171875
0 0.56015625 0.125 0.2375 0.1484375
0 0.42265625 0.23671875 0.325 0.18046875
0 0.94453125 0.23125 0.10625 0.1390625
0 0.03671875 0.5265625 0.07265625 0.14296875
0 0.034375 0.3859375 0.06875 0.15234375
0 0.134375 0.22421875 0.26875 0.1859375