0 0.49921875 0.32578125 0.99375 0.5765625
0 0.83125 0.12265625 0.27109375 0.16484375
0 0.19453125 0.38046875 0.37265625 0.19453125
0 0.12109375 0.1890625 0.24140625 0.25234375
0 0.56796875 0.35859375 0.36484375 0.22890625
0 0.33671875 0.11171875 0.24375 0.153125
0 0.57421875 0.1265625 0.23984375 0.153125
0 0.86015625 0.52890625 0.275 0.1546875
0 0.203125 0.53359375 0.36484375 0.159375
0 0.734375 0.23203125 0.33125 0.18046875
0 0.55703125 0.53125 0.34765625 0.159375
0 0.40078125 0.23984375 0.33984375 0.18515625
0 0.86640625 0.36875 0.2625 0.203125
0 0.115625 0.1234375 0.23125 0.12109375
0 0.94375 0.2484375 0.10859375 0.10390625
0 0.01640625 0.525 0.0328125 0.134375