0 0.80390625 0.72421875 0.3875 0.2875
0 0.828125 0.47109375 0.33984375 0.3546875
0 0.42109375 0.45859375 0.53359375 0.29921875
0 0.37734375 0.6859375 0.4875 0.2515625
0 0.76875 0.2671875 0.45390625 0.2515625
0 0.08359375 0.4921875 0.16640625 0.19453125
0 0.46796875 0.2609375 0.17734375 0.1671875
0 0.49921875 0.4578125 0.99375 0.8171875
0 0.690625 0.125 0.29765625 0.153125
0 0.92890625 0.10078125 0.1375 0.109375
0 0.19765625 0.3515625 0.3953125 0.478125
0 0.14296875 0.19375 0.25625 0.16171875
0 0.01796875 0.18984375 0.03515625 0.10859375
0 0.21484375 0.290625 0.2625 0.1546875
0 0.1625 0.31015625 0.15859375 0.115625
0 0.30546875 0.2171875 0.18125 0.15234375
0 0.05078125 0.403125 0.1015625 0.078125
0 0.04609375 0.3046875 0.09140625 0.12890625
0 0.05390625 0.1859375 0.1078125 0.115625
0 0.91015625 0.1453125 0.17109375 0.06484375