0 0.503125 0.43125 0.53984375 0.35234375
0 0.859375 0.69453125 0.27734375 0.26171875
0 0.46484375 0.68359375 0.525 0.25859375
0 0.12890625 0.4421875 0.2578125 0.29375
0 0.875 0.47421875 0.24609375 0.28515625
0 0.10390625 0.678125 0.2078125 0.215625
0 0.77734375 0.2515625 0.4375 0.24375
0 0.85859375 0.0921875 0.27890625 0.16875
0 0.49921875 0.42109375 0.99375 0.8109375
0 0.328125 0.24609375 0.47734375 0.240625
0 0.55859375 0.11015625 0.32890625 0.15
0 0.053125 0.23515625 0.10625 0.17109375
0 0.26796875 0.09609375 0.28984375 0.13125
0 0.20078125 0.10234375 0.15625 0.10703125
0 0.5 0.19453125 0.99140625 0.35625