0 0.49765625 0.36640625 0.9953125 0.4984375
0 0.23125 0.403125 0.3125 0.1859375
0 0.52734375 0.41015625 0.2875 0.1578125
0 0.12578125 0.2890625 0.2515625 0.159375
0 0.809375 0.384375 0.28515625 0.18125
0 0.53125 0.534375 0.29609375 0.1296875
0 0.44140625 0.18125 0.20859375 0.13203125
0 0.228125 0.54453125 0.31015625 0.134375
0 0.88125 0.28515625 0.23359375 0.13203125
0 0.38046875 0.290625 0.26875 0.14765625
0 0.22890625 0.1890625 0.21640625 0.11171875
0 0.80546875 0.5234375 0.27265625 0.12265625
0 0.63828125 0.28984375 0.26875 0.14140625
0 0.85703125 0.1828125 0.21015625 0.115625
0 0.06171875 0.18671875 0.12265625 0.11171875
0 0.64921875 0.18125 0.21484375 0.10625
0 0.04296875 0.42265625 0.08515625 0.1546875
0 0.040625 0.55390625 0.08125 0.12890625