0 0.57265625 0.3375 0.42109375 0.265625
0 0.49765625 0.321875 0.99140625 0.64375
0 0.640625 0.08203125 0.29375 0.1640625
0 0.18203125 0.346875 0.3640625 0.2625
0 0.578125 0.53984375 0.42265625 0.18515625
0 0.1875 0.54765625 0.375 0.1921875
0 0.771875 0.18515625 0.31484375 0.18125
0 0.10390625 0.07421875 0.2078125 0.1484375
0 0.1 0.18671875 0.2 0.18984375
0 0.3484375 0.06875 0.303125 0.1375
0 0.40546875 0.18125 0.41875 0.2171875
0 0.83515625 0.446875 0.14140625 0.12734375
0 0.840625 0.33984375 0.14765625 0.1390625
0 0.95390625 0.2234375 0.0875 0.11875
0 0.94609375 0.403125 0.10390625 0.08515625
0 0.95078125 0.321875 0.09375 0.0828125
0 0.76875 0.30703125 0.29609375 0.20390625