0 0.85390625 0.73671875 0.2875 0.2890625
0 0.49140625 0.39375 0.9828125 0.490625
0 0.87265625 0.52578125 0.25 0.2734375
0 0.23203125 0.503125 0.21015625 0.15703125
0 0.43984375 0.51640625 0.23359375 0.1671875
0 0.6375 0.52890625 0.23359375 0.196875
0 0.48828125 0.23828125 0.21875 0.15546875
0 0.35859375 0.34765625 0.18359375 0.1046875
0 0.80390625 0.32109375 0.31640625 0.1625
0 0.296875 0.24453125 0.18515625 0.14296875
0 0.546875 0.3421875 0.20625 0.1234375
0 0.07421875 0.49453125 0.14765625 0.140625
0 0.70390625 0.2296875 0.24609375 0.16015625
0 0.13515625 0.25 0.175 0.1296875
0 0.190625 0.35390625 0.16015625 0.08984375
0 0.05859375 0.35078125 0.1125 0.09765625
0 0.553125 0.43671875 0.20234375 0.0765625