0 0.49921875 0.32265625 0.99375 0.58828125
0 0.17734375 0.3765625 0.35390625 0.196875
0 0.834375 0.1140625 0.27734375 0.16875
0 0.54453125 0.35703125 0.37265625 0.2296875
0 0.17890625 0.53671875 0.3578125 0.1578125
0 0.85234375 0.5296875 0.29140625 0.1578125
0 0.85703125 0.3671875 0.28125 0.20390625
0 0.57265625 0.11875 0.24140625 0.1546875
0 0.53359375 0.53125 0.35390625 0.1640625
0 0.38046875 0.2328125 0.34765625 0.18984375
0 0.72109375 0.23984375 0.34140625 0.15234375
0 0.11328125 0.115625 0.2265625 0.115625
0 0.109375 0.21640625 0.21875 0.18046875
0 0.940625 0.22578125 0.11484375 0.13125
0 0.33203125 0.1015625 0.24375 0.1484375