0 0.5 0.40625 0.99609375 0.47734375
0 0.925 0.5640625 0.14609375 0.1546875
0 0.690625 0.359375 0.18984375 0.10390625
0 0.759375 0.5296875 0.23125 0.17578125
0 0.559375 0.51484375 0.20234375 0.15234375
0 0.83125 0.246875 0.2375 0.159375
0 0.39453125 0.50625 0.16875 0.13203125
0 0.52734375 0.3640625 0.15390625 0.0921875
0 0.28046875 0.41953125 0.20625 0.11171875
0 0.24296875 0.51484375 0.16484375 0.090625
0 0.88515625 0.35 0.22109375 0.13125
0 0.63359375 0.25703125 0.1875 0.14375
0 0.47578125 0.265625 0.16875 0.12890625
0 0.07265625 0.428125 0.1453125 0.0875