0 0.48515625 0.4078125 0.29609375 0.16171875
0 0.775 0.38046875 0.29140625 0.18515625
0 0.18203125 0.5453125 0.31875 0.13828125
0 0.18359375 0.396875 0.32109375 0.196875
0 0.49140625 0.5328125 0.30390625 0.134375
0 0.40859375 0.175 0.20859375 0.1359375
0 0.86015625 0.2765625 0.25859375 0.14296875
0 0.77109375 0.521875 0.27890625 0.1234375
0 0.196875 0.18359375 0.21875 0.115625
0 0.83359375 0.17421875 0.2125 0.11640625
0 0.3375 0.27734375 0.275 0.1640625
0 0.04296875 0.18125 0.08515625 0.115625
0 0.60234375 0.284375 0.27109375 0.14609375
0 0.94609375 0.51484375 0.10390625 0.109375
0 0.621875 0.1765625 0.22265625 0.109375
0 0.10390625 0.2828125 0.2078125 0.16875