0 0.49921875 0.3640625 0.99375 0.72734375
0 0.46875 0.1515625 0.325 0.19921875
0 0.16171875 0.12265625 0.32265625 0.2453125
0 0.79765625 0.13125 0.3875 0.259375
0 0.46796875 0.34609375 0.36875 0.20859375
0 0.17421875 0.3640625 0.34765625 0.259375
0 0.19140625 0.56640625 0.3828125 0.2203125
0 0.50546875 0.509375 0.32265625 0.18359375
0 0.73984375 0.3328125 0.2125 0.16015625
0 0.90546875 0.1359375 0.17265625 0.24765625
0 0.90859375 0.32109375 0.17109375 0.140625
0 0.73984375 0.4703125 0.2 0.153125
0 0.90546875 0.4421875 0.15625 0.13203125
0 0.43125 0.04140625 0.33359375 0.0828125