0 0.4 0.35546875 0.5875 0.3125
0 0.384375 0.58984375 0.49765625 0.2265625
0 0.234375 0.16796875 0.45234375 0.23203125
0 0.49921875 0.35390625 0.99375 0.70546875
0 0.6625 0.075 0.35 0.15
0 0.83359375 0.3515625 0.325 0.16015625
0 0.06640625 0.378125 0.1328125 0.240625
0 0.084375 0.58046875 0.16875 0.20546875
0 0.84609375 0.48359375 0.25 0.13671875
0 0.6625 0.51875 0.14609375 0.19609375
0 0.35703125 0.0671875 0.28984375 0.134375
0 0.53515625 0.1921875 0.17109375 0.12265625
0 0.11015625 0.0765625 0.2203125 0.153125
0 0.80625 0.17890625 0.37890625 0.2109375