0 0.49921875 0.32109375 0.99375 0.56640625
0 0.22421875 0.375 0.36484375 0.19140625
0 0.82421875 0.12109375 0.25234375 0.1578125
0 0.33125 0.109375 0.23359375 0.15078125
0 0.23125 0.525 0.3625 0.1578125
0 0.56484375 0.12578125 0.2375 0.15
0 0.578125 0.52109375 0.33984375 0.153125
0 0.87421875 0.365625 0.24765625 0.19140625
0 0.86796875 0.5171875 0.26015625 0.14765625
0 0.740625 0.2296875 0.31875 0.171875
0 0.41875 0.23671875 0.32890625 0.18125
0 0.94453125 0.23203125 0.10625 0.140625
0 0.13125 0.2296875 0.2625 0.171875
0 0.115625 0.11640625 0.23125 0.11328125
0 0.58828125 0.353125 0.35625 0.225
0 0.02890625 0.3859375 0.0578125 0.15
0 0.03125 0.52421875 0.0625 0.140625