0 0.45 0.50859375 0.9 0.1546875
0 0.890625 0.3953125 0.21484375 0.34765625
0 0.79765625 0.51484375 0.19609375 0.1046875
0 0.4375 0.53046875 0.22109375 0.1109375
0 0.225 0.5109375 0.2125 0.14765625
0 0.6125 0.521875 0.17890625 0.08828125
0 0.87734375 0.43046875 0.1875 0.0875
0 0.06015625 0.51328125 0.1203125 0.1359375
0 0.81328125 0.4265625 0.06015625 0.078125
0 0.925 0.28046875 0.14609375 0.11796875
0 0.97109375 0.525 0.05390625 0.0921875
0 0.9 0.31640625 0.19140625 0.1875
0 0.89921875 0.36328125 0.18984375 0.0921875
0 0.928125 0.50859375 0.08125 0.078125
0 0.49921875 0.4046875 0.99375 0.3640625