0 0.4984375 0.34765625 0.99375 0.6953125
0 0.22421875 0.13984375 0.44765625 0.27265625
0 0.22890625 0.37578125 0.4578125 0.2390625
0 0.25390625 0.55859375 0.46640625 0.20859375
0 0.5625 0.359375 0.27890625 0.1921875
0 0.56640625 0.18046875 0.25390625 0.18125
0 0.76875 0.35 0.15 0.153125
0 0.58984375 0.5125 0.25 0.16640625
0 0.025 0.61953125 0.05 0.15234375
0 0.83203125 0.165625 0.27265625 0.22734375
0 0.90078125 0.3375 0.13515625 0.12734375
0 0.77734375 0.2078125 0.17109375 0.14296875
0 0.98203125 0.1859375 0.03125 0.16171875
0 0.89921875 0.19375 0.12734375 0.16953125
0 0.890625 0.44921875 0.12734375 0.1203125
0 0.77109375 0.47734375 0.13359375 0.13203125