0 0.421875 0.34921875 0.49765625 0.28984375
0 0.425 0.56640625 0.47109375 0.2125
0 0.48046875 0.3390625 0.95625 0.67578125
0 0.096875 0.3640625 0.19375 0.259375
0 0.25625 0.1765625 0.43359375 0.22734375
0 0.6171875 0.078125 0.365625 0.15625
0 0.75078125 0.184375 0.36015625 0.2015625
0 0.10859375 0.5703125 0.21640625 0.2109375
0 0.78359375 0.346875 0.28359375 0.15078125
0 0.80546875 0.45859375 0.22265625 0.15078125
0 0.303125 0.0640625 0.29375 0.12734375
0 0.965625 0.2171875 0.06484375 0.13671875
0 0.66640625 0.4984375 0.09140625 0.171875
0 0.08203125 0.1265625 0.1640625 0.253125
0 0.96328125 0.30234375 0.06875 0.31015625
0 0.51484375 0.19375 0.11640625 0.10234375
0 0.85390625 0.18515625 0.15390625 0.20546875
0 0.428125 0.37109375 0.70234375 0.45390625