0 0.63359375 0.3546875 0.32890625 0.19375
0 0.15859375 0.2296875 0.30859375 0.18125
0 0.784375 0.1203125 0.24765625 0.134375
0 0.32265625 0.1203125 0.225 0.1484375
0 0.10625 0.1375 0.2125 0.13359375
0 0.30859375 0.515625 0.34140625 0.14765625
0 0.296875 0.375 0.33984375 0.18125
0 0.54765625 0.13125 0.225 0.1390625
0 0.62890625 0.50625 0.3125 0.1390625
0 0.88671875 0.496875 0.22265625 0.13125
0 0.06953125 0.3609375 0.1390625 0.215625
0 0.45859375 0.23828125 0.30859375 0.17421875
0 0.07421875 0.5265625 0.14765625 0.140625
0 0.89296875 0.35234375 0.21015625 0.18046875
0 0.94609375 0.2125 0.10390625 0.14140625
0 0.75546875 0.228125 0.29375 0.16171875