0 0.36953125 0.3859375 0.32734375 0.1765625
0 0.10859375 0.375 0.21640625 0.21484375
0 0.68828125 0.35859375 0.31875 0.19609375
0 0.34453125 0.140625 0.22265625 0.14609375
0 0.12109375 0.153125 0.23359375 0.125
0 0.38125 0.52265625 0.32890625 0.14296875
0 0.22265625 0.25234375 0.30390625 0.1625
0 0.11171875 0.5375 0.22265625 0.14296875
0 0.79375 0.1359375 0.2375 0.125
0 0.9125 0.4984375 0.17109375 0.125
0 0.79453125 0.2453125 0.28515625 0.1484375
0 0.68828125 0.51015625 0.30234375 0.13359375
0 0.51171875 0.2484375 0.29765625 0.1734375
0 0.91953125 0.36796875 0.15625 0.153125
0 0.584375 0.14609375 0.19375 0.125
0 0.51171875 0.13359375 0.11484375 0.10390625
0 0.03984375 0.24296875 0.07890625 0.15546875
0 0.95859375 0.2203125 0.07890625 0.1359375