0 0.49765625 0.31953125 0.9953125 0.5484375
0 0.78671875 0.11875 0.24765625 0.1390625
0 0.153125 0.22734375 0.30234375 0.1828125
0 0.10703125 0.12734375 0.2140625 0.1203125
0 0.32109375 0.11796875 0.225 0.1484375
0 0.28828125 0.3734375 0.34375 0.18125
0 0.628125 0.3515625 0.33125 0.1984375
0 0.29765625 0.515625 0.34609375 0.1484375
0 0.884375 0.49609375 0.22734375 0.13359375
0 0.45234375 0.23671875 0.3125 0.17578125
0 0.753125 0.2421875 0.29765625 0.13125
0 0.54609375 0.12890625 0.225 0.14140625
0 0.62421875 0.50546875 0.31484375 0.140625
0 0.890625 0.35234375 0.21484375 0.178125
0 0.06328125 0.36640625 0.1265625 0.1984375
0 0.94609375 0.21015625 0.10390625 0.140625
0 0.06796875 0.525 0.13515625 0.14140625