0 0.49921875 0.3578125 0.99375 0.715625
0 0.278125 0.38046875 0.47734375 0.2203125
0 0.07421875 0.59765625 0.14765625 0.24140625
0 0.26015625 0.1453125 0.5125 0.2875
0 0.32109375 0.53984375 0.44140625 0.221875
0 0.609375 0.3671875 0.23515625 0.178125
0 0.96953125 0.1875 0.05625 0.19375
0 0.6 0.1453125 0.2625 0.284375
0 0.62578125 0.5125 0.20625 0.1546875
0 0.03984375 0.396875 0.07890625 0.1828125
0 0.775 0.359375 0.12109375 0.14609375
0 0.83125 0.18984375 0.22890625 0.2125
0 0.96953125 0.3390625 0.05625 0.12109375
0 0.88203125 0.34921875 0.11015625 0.1203125
0 0.13828125 0.05234375 0.2765625 0.1046875
0 0.971875 0.45625 0.05234375 0.11796875
0 0.77578125 0.47890625 0.11484375 0.12734375
0 0.871875 0.4546875 0.10625 0.1140625