0 0.25078125 0.60390625 0.5015625 0.2515625
0 0.16796875 0.1453125 0.33515625 0.2484375
0 0.49921875 0.36640625 0.99375 0.73125
0 0.234375 0.3515625 0.46875 0.34453125
0 0.56015625 0.528125 0.19609375 0.2125
0 0.60234375 0.0640625 0.3765625 0.128125
0 0.771875 0.1546875 0.44375 0.23203125
0 0.76171875 0.34453125 0.33515625 0.1765625
0 0.43984375 0.178125 0.23359375 0.13671875
0 0.81796875 0.4765625 0.35625 0.171875
0 0.51796875 0.34609375 0.18984375 0.23671875
0 0.29296875 0.0625 0.30234375 0.125
0 0.95703125 0.334375 0.08125 0.14765625
0 0.953125 0.45546875 0.08984375 0.12890625
0 0.33046875 0.4546875 0.65625 0.5484375
0 0.77734375 0.28984375 0.4375 0.5484375
0 0.96015625 0.18125 0.075 0.17109375