0 0.5 0.40390625 0.99609375 0.4984375
0 0.11953125 0.41328125 0.21875 0.12109375
0 0.60859375 0.52421875 0.22890625 0.1734375
0 0.81796875 0.5390625 0.24375 0.20078125
0 0.53515625 0.3578125 0.18359375 0.1
0 0.240625 0.50234375 0.17265625 0.134375
0 0.96796875 0.5390625 0.06015625 0.22890625
0 0.66953125 0.24609375 0.22265625 0.1546875
0 0.40703125 0.5109375 0.20234375 0.15234375
0 0.37109375 0.36640625 0.15859375 0.08125
0 0.478125 0.25390625 0.18515625 0.140625
0 0.32109375 0.2609375 0.175 0.1265625
0 0.046875 0.26484375 0.09375 0.090625
0 0.084375 0.51328125 0.16875 0.09296875
0 0.88203125 0.23203125 0.22734375 0.16015625
0 0.47734375 0.534375 0.94609375 0.21484375
0 0.73203125 0.44609375 0.21015625 0.078125
0 0.22421875 0.34921875 0.13984375 0.1203125
0 0.725 0.346875 0.2125 0.13203125
0 0.91171875 0.3328125 0.16875 0.153125