0 0.49921875 0.325 0.99375 0.64765625
0 0.609375 0.08046875 0.30625 0.1609375
0 0.51484375 0.346875 0.42890625 0.2546875
0 0.52421875 0.5421875 0.43125 0.1921875
0 0.15234375 0.35 0.30390625 0.265625
0 0.159375 0.54921875 0.31875 0.2015625
0 0.73984375 0.18203125 0.3125 0.18515625
0 0.34453125 0.18046875 0.41484375 0.221875
0 0.071875 0.1890625 0.14375 0.1875
0 0.80390625 0.44609375 0.15 0.13203125
0 0.796875 0.3390625 0.17734375 0.14296875
0 0.93828125 0.22265625 0.11875 0.1203125
0 0.0875 0.075 0.175 0.15
0 0.315625 0.05234375 0.31015625 0.10234375
0 0.93828125 0.32109375 0.11875 0.08515625
0 0.93203125 0.4015625 0.13125 0.08359375
0 0.97890625 0.13984375 0.0375 0.07890625
0 0.053125 0.08046875 0.10625 0.10390625
0 0.50546875 0.34140625 0.71875 0.3640625
0 0.734375 0.30703125 0.30625 0.20625