0 0.49921875 0.3625 0.99375 0.72265625
0 0.37578125 0.140625 0.38984375 0.2203125
0 0.43359375 0.528125 0.37109375 0.1984375
0 0.1 0.12109375 0.2 0.2421875
0 0.38359375 0.3515625 0.42890625 0.22421875
0 0.90234375 0.12890625 0.1890625 0.2578125
0 0.69296875 0.12890625 0.2953125 0.2578125
0 0.11640625 0.35703125 0.2328125 0.2546875
0 0.90390625 0.32578125 0.18359375 0.15078125
0 0.7 0.3390625 0.25 0.178125
0 0.13984375 0.571875 0.27890625 0.24296875
0 0.70703125 0.48828125 0.23125 0.15546875
0 0.903125 0.45390625 0.18125 0.1390625
0 0.5 0.1296875 0.99140625 0.259375
0 0.390625 0.04453125 0.44375 0.0890625