0 0.27890625 0.4 0.30390625 0.1875
0 0.846875 0.3859375 0.28125 0.17421875
0 0.56875 0.41015625 0.28359375 0.1546875
0 0.14921875 0.29140625 0.29375 0.15546875
0 0.571875 0.53125 0.29375 0.12890625
0 0.27421875 0.5421875 0.30234375 0.13359375
0 0.26484375 0.19140625 0.2125 0.11328125
0 0.84140625 0.5203125 0.27109375 0.12109375
0 0.884375 0.18359375 0.21015625 0.115625
0 0.678125 0.290625 0.26015625 0.13828125
0 0.478125 0.18203125 0.20625 0.12890625
0 0.08125 0.19765625 0.1625 0.12890625
0 0.90234375 0.2828125 0.19140625 0.13203125
0 0.42265625 0.29453125 0.2625 0.13828125
0 0.06875 0.4171875 0.1375 0.1625
0 0.06328125 0.55078125 0.1265625 0.1265625
0 0.6953125 0.19140625 0.203125 0.0796875