0 0.49921875 0.36328125 0.99375 0.7265625
0 0.8 0.13125 0.384375 0.2625
0 0.47734375 0.15390625 0.325 0.19921875
0 0.17578125 0.3640625 0.3515625 0.259375
0 0.165625 0.1234375 0.328125 0.246875
0 0.47265625 0.346875 0.35859375 0.2078125
0 0.19453125 0.56484375 0.3890625 0.2203125
0 0.5125 0.50859375 0.31640625 0.1828125
0 0.740625 0.33515625 0.20625 0.16015625
0 0.74140625 0.4734375 0.19140625 0.1453125
0 0.91171875 0.32265625 0.16484375 0.13828125
0 0.90390625 0.4421875 0.15390625 0.13203125
0 0.90859375 0.1359375 0.17109375 0.24609375
0 0.434375 0.0421875 0.325 0.084375