0 0.82578125 0.39140625 0.33984375 0.365625
0 0.1 0.50703125 0.2 0.15078125
0 0.665625 0.5078125 0.19375 0.10703125
0 0.30625 0.5078125 0.225 0.15234375
0 0.47265625 0.4984375 0.19609375 0.1265625
0 0.38359375 0.50625 0.76640625 0.1546875
0 0.90859375 0.4390625 0.17890625 0.0921875
0 0.903125 0.52265625 0.18984375 0.09296875
0 0.9125 0.26484375 0.17109375 0.11171875
0 0.74140625 0.42734375 0.175 0.08359375
0 0.915625 0.3515625 0.16484375 0.096875
0 0.49921875 0.396875 0.99375 0.3734375
0 0.7625 0.35859375 0.175 0.08515625
0 0.77890625 0.29296875 0.11640625 0.08359375