0 0.41484375 0.35234375 0.57109375 0.30859375
0 0.403125 0.58359375 0.49375 0.22421875
0 0.25 0.16953125 0.45 0.234375
0 0.49921875 0.35 0.99375 0.6984375
0 0.07734375 0.37578125 0.15390625 0.2484375
0 0.09296875 0.58046875 0.18515625 0.20390625
0 0.86171875 0.465625 0.27265625 0.16484375
0 0.65703125 0.07578125 0.34375 0.15078125
0 0.67109375 0.515625 0.1375 0.19140625
0 0.80625 0.1765625 0.37890625 0.2125
0 0.83671875 0.34921875 0.31875 0.1578125
0 0.35546875 0.0671875 0.29375 0.134375
0 0.109375 0.0734375 0.21875 0.146875
0 0.53828125 0.1890625 0.16484375 0.115625
0 0.54921875 0.32578125 0.30625 0.25859375