0 0.12421875 0.38125 0.24765625 0.2125
0 0.4 0.3921875 0.32109375 0.17578125
0 0.409375 0.52734375 0.32734375 0.14140625
0 0.128125 0.1578125 0.24765625 0.11875
0 0.36015625 0.14765625 0.22109375 0.14375
0 0.12578125 0.5421875 0.2515625 0.140625
0 0.71328125 0.36875 0.31484375 0.18359375
0 0.71171875 0.51328125 0.29765625 0.13359375
0 0.92265625 0.503125 0.15 0.12109375
0 0.25 0.25703125 0.3 0.1671875
0 0.8125 0.26171875 0.27890625 0.12734375
0 0.81796875 0.14375 0.20625 0.12265625
0 0.58203125 0.15234375 0.23125 0.125
0 0.534375 0.25859375 0.29375 0.16171875
0 0.93046875 0.3671875 0.13515625 0.1640625
0 0.05390625 0.25 0.1078125 0.15625