0 0.49921875 0.32109375 0.99375 0.55625
0 0.25546875 0.37421875 0.35625 0.1875
0 0.60703125 0.34921875 0.34375 0.21953125
0 0.321875 0.1140625 0.22734375 0.15078125
0 0.14140625 0.225 0.2828125 0.1875
0 0.78671875 0.12109375 0.27265625 0.15078125
0 0.26484375 0.5203125 0.35390625 0.153125
0 0.87578125 0.50625 0.24375 0.140625
0 0.6 0.51328125 0.325 0.14765625
0 0.10625 0.121875 0.2125 0.11875
0 0.55078125 0.1265625 0.23125 0.1453125
0 0.74375 0.24375 0.30390625 0.13828125
0 0.43359375 0.23828125 0.32109375 0.1765625
0 0.88125 0.359375 0.23359375 0.1828125
0 0.04609375 0.38203125 0.09140625 0.1671875
0 0.04921875 0.52734375 0.09765625 0.1453125
0 0.94375 0.22109375 0.10859375 0.14296875