0 0.49765625 0.33515625 0.9953125 0.5390625
0 0.35234375 0.38515625 0.32890625 0.178125
0 0.675 0.3609375 0.32109375 0.19140625
0 0.115625 0.15 0.23125 0.12265625
0 0.1 0.375 0.2 0.21484375
0 0.33828125 0.13671875 0.22265625 0.14609375
0 0.36484375 0.52265625 0.33359375 0.14296875
0 0.7875 0.13359375 0.24609375 0.12890625
0 0.20625 0.2515625 0.30390625 0.16015625
0 0.90625 0.4984375 0.18359375 0.125
0 0.78359375 0.25390625 0.28359375 0.1296875
0 0.103125 0.53671875 0.20625 0.14140625
0 0.49765625 0.24921875 0.3 0.16875
0 0.559375 0.14375 0.22265625 0.13203125
0 0.91328125 0.36796875 0.16875 0.153125
0 0.67265625 0.509375 0.30390625 0.134375
0 0.95546875 0.21875 0.08515625 0.1359375
0 0.03125 0.24375 0.0625 0.159375