0 0.49921875 0.3640625 0.99375 0.7265625
0 0.45625 0.525 0.35859375 0.19453125
0 0.11640625 0.12265625 0.2328125 0.2453125
0 0.403125 0.1453125 0.37265625 0.2125
0 0.40625 0.35234375 0.42109375 0.221875
0 0.13125 0.3640625 0.2625 0.25703125
0 0.70546875 0.1296875 0.28125 0.259375
0 0.15546875 0.57265625 0.31015625 0.24609375
0 0.7125 0.3375 0.24140625 0.171875
0 0.90703125 0.32578125 0.17734375 0.14765625
0 0.909375 0.13125 0.17734375 0.25703125
0 0.71640625 0.484375 0.22890625 0.15703125
0 0.90625 0.45234375 0.175 0.13828125
0 0.49921875 0.13125 0.98984375 0.259375
0 0.4171875 0.04453125 0.41875 0.0890625