0 0.49921875 0.37109375 0.99375 0.74140625
0 0.47578125 0.51953125 0.34375 0.1921875
0 0.43671875 0.1453125 0.36484375 0.2109375
0 0.42578125 0.3484375 0.40625 0.21796875
0 0.146875 0.36640625 0.29375 0.26328125
0 0.7875 0.1296875 0.41640625 0.25703125
0 0.134375 0.121875 0.26875 0.24375
0 0.16875 0.56875 0.3375 0.24765625
0 0.90546875 0.1296875 0.18125 0.2546875
0 0.721875 0.33359375 0.22734375 0.16484375
0 0.90859375 0.3234375 0.175 0.1453125
0 0.72265625 0.48125 0.22109375 0.15078125
0 0.90625 0.44765625 0.16640625 0.13359375
0 0.46015625 0.04375 0.37109375 0.0875
0 0.74296875 0.03828125 0.21015625 0.0765625
0 0.71640625 0.1734375 0.2625 0.16953125