0 0.49921875 0.40390625 0.99765625 0.5015625
0 0.66015625 0.52734375 0.22890625 0.17109375
0 0.4625 0.51328125 0.20859375 0.153125
0 0.78125 0.35 0.21640625 0.12890625
0 0.17421875 0.415625 0.21875 0.11875
0 0.58828125 0.36015625 0.18515625 0.10234375
0 0.871875 0.54765625 0.24765625 0.19453125
0 0.728125 0.246875 0.23125 0.15703125
0 0.29375 0.50390625 0.16640625 0.13359375
0 0.94140625 0.35390625 0.1125 0.11328125
0 0.37734375 0.265625 0.17890625 0.1296875
0 0.53125 0.25625 0.18359375 0.14296875
0 0.42578125 0.36328125 0.15625 0.0921875
0 0.678125 0.25625 0.13125 0.13828125
0 0.13828125 0.51484375 0.16875 0.09296875
0 0.91015625 0.2328125 0.175 0.16171875