0 0.4984375 0.35 0.99375 0.7
0 0.23359375 0.14140625 0.46640625 0.278125
0 0.2375 0.37890625 0.475 0.23125
0 0.26953125 0.5609375 0.46015625 0.2015625
0 0.0375 0.6 0.075 0.20859375
0 0.571875 0.36171875 0.26875 0.1890625
0 0.57890625 0.18671875 0.24140625 0.17578125
0 0.59765625 0.5140625 0.23359375 0.16484375
0 0.89296875 0.196875 0.12265625 0.16953125
0 0.76875 0.35234375 0.14609375 0.14296875
0 0.775 0.2140625 0.1625 0.140625
0 0.821875 0.1734375 0.26015625 0.221875
0 0.97890625 0.17265625 0.0375 0.19921875
0 0.89765625 0.3421875 0.13359375 0.125
0 0.88515625 0.45078125 0.12109375 0.11875
0 0.76953125 0.47578125 0.13125 0.1359375
0 0.61015625 0.13828125 0.3875 0.27578125