0 0.60234375 0.6734375 0.525 0.2453125
0 0.18515625 0.4234375 0.3703125 0.3625
0 0.61484375 0.4578125 0.50859375 0.28203125
0 0.171875 0.69375 0.34375 0.2390625
0 0.79296875 0.2109375 0.41015625 0.31875
0 0.91484375 0.65625 0.16640625 0.2203125
0 0.49921875 0.4125 0.99375 0.80390625
0 0.36953125 0.24140625 0.44375 0.24765625
0 0.921875 0.44765625 0.15234375 0.265625
0 0.46796875 0.09921875 0.30234375 0.18125
0 0.16953125 0.09453125 0.32734375 0.16015625
0 0.07578125 0.20078125 0.1515625 0.2515625
0 0.95234375 0.10625 0.09140625 0.12265625
0 0.75859375 0.09765625 0.29609375 0.1203125
0 0.83046875 0.0984375 0.15234375 0.10234375