0 0.49921875 0.4046875 0.99765625 0.49140625
0 0.69375 0.5296875 0.225 0.16953125
0 0.76328125 0.24765625 0.22734375 0.1578125
0 0.89140625 0.56640625 0.2125 0.1578125
0 0.21328125 0.4171875 0.21484375 0.11640625
0 0.62734375 0.36015625 0.1875 0.10234375
0 0.33046875 0.5046875 0.16875 0.13203125
0 0.57109375 0.25625 0.1875 0.14296875
0 0.49609375 0.51484375 0.2 0.15234375
0 0.46328125 0.36484375 0.15234375 0.090625
0 0.17734375 0.51484375 0.16640625 0.09296875
0 0.43203125 0.26484375 0.20625 0.12890625
0 0.93125 0.234375 0.13359375 0.15546875
0 0.82109375 0.35 0.22109375 0.1296875