0 0.18046875 0.39609375 0.32265625 0.1984375
0 0.48359375 0.4078125 0.29609375 0.16171875
0 0.17890625 0.54453125 0.32109375 0.1390625
0 0.48984375 0.53359375 0.30390625 0.13359375
0 0.40703125 0.17421875 0.20625 0.13671875
0 0.77109375 0.52109375 0.27890625 0.125
0 0.19375 0.18359375 0.22109375 0.11640625
0 0.77265625 0.38125 0.29140625 0.18359375
0 0.83046875 0.175 0.21484375 0.11875
0 0.33515625 0.2765625 0.275 0.16640625
0 0.04296875 0.18125 0.08515625 0.11640625
0 0.60078125 0.28203125 0.27265625 0.1484375
0 0.94609375 0.51328125 0.10390625 0.1140625
0 0.61875 0.1765625 0.22109375 0.11171875
0 0.95625 0.3859375 0.08359375 0.15
0 0.10234375 0.28359375 0.20390625 0.17109375
0 0.85703125 0.2765625 0.25625 0.14296875