0 0.80546875 0.0921875 0.27265625 0.18046875
0 0.44609375 0.34921875 0.39140625 0.25
0 0.528125 0.10234375 0.26875 0.16484375
0 0.8125 0.5328125 0.36640625 0.16875
0 0.44296875 0.53671875 0.37265625 0.171875
0 0.12734375 0.375 0.25390625 0.2078125
0 0.64453125 0.2109375 0.36015625 0.19375
0 0.49921875 0.315625 0.99375 0.62109375
0 0.81640625 0.36015625 0.3625 0.215625
0 0.28125 0.221875 0.37109375 0.20078125
0 0.12890625 0.5421875 0.2578125 0.165625
0 0.27265625 0.078125 0.24609375 0.13828125
0 0.05859375 0.20390625 0.11640625 0.19375
0 0.90859375 0.2125 0.17890625 0.16171875
0 0.078125 0.10703125 0.15625 0.125