0 0.49921875 0.353125 0.99375 0.70625
0 0.33125 0.53515625 0.4375 0.2125
0 0.26484375 0.3421875 0.5125 0.24375
0 0.06875 0.525 0.1375 0.3125
0 0.6234375 0.12109375 0.38125 0.2421875
0 0.64765625 0.32578125 0.32109375 0.1859375
0 0.25859375 0.12109375 0.49609375 0.24140625
0 0.65546875 0.49375 0.29375 0.17421875
0 0.88984375 0.31484375 0.21640625 0.16484375
0 0.89609375 0.12109375 0.20390625 0.2359375
0 0.89296875 0.45625 0.20625 0.1484375
0 0.03671875 0.346875 0.07265625 0.21953125
0 0.015625 0.1140625 0.03125 0.22265625