0 0.31953125 0.38671875 0.45625 0.2125
0 0.49921875 0.36484375 0.99375 0.71796875
0 0.09765625 0.60390625 0.1953125 0.2484375
0 0.31796875 0.153125 0.47265625 0.28515625
0 0.35859375 0.5453125 0.425 0.20625
0 0.06796875 0.3765625 0.13515625 0.25859375
0 0.63359375 0.3734375 0.20859375 0.17421875
0 0.96796875 0.19921875 0.06015625 0.1859375
0 0.04921875 0.20546875 0.09765625 0.178125
0 0.63671875 0.21171875 0.18125 0.159375
0 0.125 0.06484375 0.25 0.1296875
0 0.296875 0.065625 0.59375 0.13125
0 0.78359375 0.3640625 0.1125 0.13671875
0 0.65 0.51484375 0.17890625 0.15
0 0.87890625 0.35625 0.10859375 0.11796875
0 0.96796875 0.3453125 0.06015625 0.115625
0 0.96953125 0.459375 0.05625 0.1140625
0 0.871875 0.45859375 0.09765625 0.10859375