0 0.49921875 0.3703125 0.99375 0.740625
0 0.11484375 0.12265625 0.22890625 0.2453125
0 0.45234375 0.5265625 0.3625 0.19453125
0 0.4 0.35234375 0.42109375 0.22265625
0 0.703125 0.13046875 0.28125 0.2609375
0 0.4 0.14375 0.37109375 0.21484375
0 0.909375 0.13125 0.17734375 0.25625
0 0.153125 0.53359375 0.30625 0.31953125
0 0.71171875 0.40703125 0.24375 0.3109375
0 0.12890625 0.3625 0.2578125 0.25625
0 0.90703125 0.32578125 0.17734375 0.14765625
0 0.90625 0.4515625 0.175 0.1390625
0 0.71484375 0.48203125 0.23359375 0.16015625
0 0.41328125 0.04609375 0.43125 0.0921875