0 0.87734375 0.5546875 0.2375 0.10234375
0 0.659375 0.5421875 0.20625 0.10703125
0 0.45546875 0.5203125 0.20234375 0.134375
0 0.49765625 0.53671875 0.9953125 0.2078125
0 0.06875 0.54375 0.1375 0.17421875
0 0.49921875 0.415625 0.99375 0.465625
0 0.675 0.525 0.64140625 0.16015625
0 0.16484375 0.32265625 0.32890625 0.27734375
0 0.259375 0.51328125 0.11875 0.1265625
0 0.12578125 0.5203125 0.23125 0.1546875
0 0.17578125 0.3546875 0.08984375 0.09296875
0 0.28984375 0.36171875 0.07109375 0.090625
0 0.08984375 0.34609375 0.09609375 0.09765625
0 0.209375 0.53359375 0.41875 0.2109375
0 0.20859375 0.415625 0.41640625 0.465625
0 0.34609375 0.4984375 0.1 0.10859375