0 0.49921875 0.40546875 0.99765625 0.4765625
0 0.57890625 0.51484375 0.20859375 0.15234375
0 0.93359375 0.56171875 0.12890625 0.1546875
0 0.85 0.24609375 0.24140625 0.159375
0 0.89296875 0.35 0.20625 0.12890625
0 0.778125 0.53046875 0.23515625 0.17421875
0 0.296875 0.41875 0.20625 0.11328125
0 0.41171875 0.5046875 0.16875 0.134375
0 0.70703125 0.359375 0.18984375 0.10390625
0 0.54296875 0.365625 0.15234375 0.08984375
0 0.25859375 0.51484375 0.1625 0.090625
0 0.65234375 0.25625 0.1875 0.14375
0 0.49375 0.265625 0.17109375 0.12890625
0 0.07890625 0.50625 0.1578125 0.078125
0 0.08125 0.42890625 0.1625 0.08828125