0 0.5 0.396875 0.99609375 0.409375
0 0.903125 0.5171875 0.18984375 0.159375
0 0.04453125 0.49609375 0.0890625 0.1109375
0 0.74375 0.50546875 0.17109375 0.1359375
0 0.59296875 0.51328125 0.16015625 0.090625
0 0.95078125 0.25625 0.09375 0.1296875
0 0.88828125 0.36171875 0.16875 0.08984375
0 0.63046875 0.4171875 0.20625 0.11640625
0 0.24609375 0.425 0.20390625 0.09296875
0 0.24140625 0.50390625 0.20859375 0.08515625
0 0.42265625 0.43046875 0.15859375 0.0828125
0 0.85625 0.2578125 0.27890625 0.1359375