0 0.49921875 0.32109375 0.99375 0.55625
0 0.253125 0.37421875 0.35625 0.1875
0 0.60703125 0.34921875 0.34375 0.21953125
0 0.321875 0.1140625 0.22734375 0.15078125
0 0.79296875 0.121875 0.26015625 0.15234375
0 0.875 0.509375 0.24609375 0.13671875
0 0.26328125 0.52109375 0.35625 0.153125
0 0.140625 0.22421875 0.28125 0.1859375
0 0.43359375 0.2390625 0.32109375 0.1765625
0 0.6 0.51328125 0.325 0.14765625
0 0.55078125 0.1265625 0.23125 0.1453125
0 0.103125 0.1234375 0.20625 0.12265625
0 0.74375 0.24453125 0.30390625 0.13828125
0 0.88046875 0.359375 0.23515625 0.18359375
0 0.04453125 0.38203125 0.0890625 0.1671875
0 0.04765625 0.528125 0.0953125 0.14375
0 0.94375 0.22265625 0.10859375 0.1453125