0 0.44921875 0.41171875 0.42265625 0.3015625
0 0.13125 0.68125 0.2625 0.24609375
0 0.125 0.4515625 0.25 0.29453125
0 0.434375 0.6375 0.40234375 0.20390625
0 0.49921875 0.4109375 0.99375 0.7890625
0 0.54140625 0.25859375 0.34140625 0.21484375
0 0.190625 0.19140625 0.38125 0.35
0 0.75625 0.609375 0.2875 0.16015625
0 0.41015625 0.1203125 0.26640625 0.14609375
0 0.79375 0.43984375 0.28359375 0.1984375
0 0.13984375 0.08125 0.27890625 0.134375
0 0.77578125 0.2640625 0.13515625 0.0875
0 0.20625 0.08984375 0.14609375 0.1046875
0 0.85234375 0.35234375 0.2875 0.275
0 0.46875 0.41484375 0.6375 0.41171875