0 0.74296875 0.446875 0.51015625 0.36328125
0 0.71953125 0.70390625 0.54765625 0.278125
0 0.25703125 0.4421875 0.5140625 0.30625
0 0.22890625 0.678125 0.4578125 0.23125
0 0.90859375 0.23671875 0.17890625 0.225
0 0.11484375 0.22421875 0.22890625 0.25234375
0 0.821875 0.11953125 0.33984375 0.159375
0 0.59453125 0.2484375 0.48125 0.26328125
0 0.49921875 0.44140625 0.99375 0.79921875
0 0.29609375 0.24765625 0.15390625 0.1625
0 0.521875 0.1125 0.29375 0.140625
0 0.49921875 0.2078125 0.99375 0.33515625
0 0.0875 0.271875 0.175 0.159375
0 0.15625 0.20859375 0.14609375 0.14609375