0 0.128125 0.6 0.25625 0.265625
0 0.49921875 0.36640625 0.99375 0.72890625
0 0.37734375 0.1546875 0.46640625 0.278125
0 0.36640625 0.3828125 0.45390625 0.20625
0 0.096875 0.38203125 0.19375 0.2734375
0 0.41015625 0.5390625 0.40390625 0.19375
0 0.07890625 0.2015625 0.1578125 0.175
0 0.97109375 0.20234375 0.05390625 0.18046875
0 0.671875 0.36875 0.18125 0.16953125
0 0.16328125 0.065625 0.27734375 0.13125
0 0.32265625 0.06640625 0.60859375 0.13203125
0 0.67734375 0.21328125 0.16640625 0.15546875
0 0.80390625 0.36171875 0.09609375 0.13125
0 0.83515625 0.20234375 0.20859375 0.2015625
0 0.68515625 0.50625 0.1625 0.1484375
0 0.890625 0.353125 0.08984375 0.11171875
0 0.971875 0.34453125 0.05234375 0.115625
0 0.88203125 0.4546875 0.08515625 0.10703125
0 0.971875 0.453125 0.05234375 0.109375
0 0.7 0.0828125 0.1875 0.1234375
0 0.80078125 0.475 0.09765625 0.12890625