0 0.26015625 0.45546875 0.51640625 0.2875
0 0.71953125 0.41640625 0.43125 0.30390625
0 0.2625 0.6765625 0.525 0.24296875
0 0.70078125 0.6421875 0.40625 0.20859375
0 0.11875 0.22421875 0.2375 0.27109375
0 0.815625 0.2609375 0.34375 0.21328125
0 0.49765625 0.403125 0.99140625 0.79921875
0 0.68359375 0.12109375 0.2625 0.13828125
0 0.440625 0.24375 0.42265625 0.2515625
0 0.13046875 0.09140625 0.26015625 0.1828125
0 0.40234375 0.0921875 0.3 0.12109375
0 0.9375 0.51796875 0.12109375 0.3765625
0 0.9375 0.62109375 0.12109375 0.16953125
0 0.9625 0.43671875 0.07109375 0.23203125
0 0.47265625 0.09921875 0.1625 0.1015625
0 0.12421875 0.04140625 0.24765625 0.0828125
0 0.93203125 0.2359375 0.12265625 0.1296875