0 0.19609375 0.1546875 0.39140625 0.24765625
0 0.29140625 0.5953125 0.53359375 0.24375
0 0.64453125 0.06640625 0.38125 0.13203125
0 0.26484375 0.35 0.52890625 0.33359375
0 0.60625 0.521875 0.17890625 0.20625
0 0.79140625 0.14140625 0.40859375 0.2640625
0 0.49921875 0.359375 0.99375 0.7171875
0 0.32578125 0.06171875 0.29765625 0.1234375
0 0.48515625 0.18203125 0.2125 0.1359375
0 0.8375 0.4796875 0.31640625 0.153125
0 0.034375 0.57578125 0.06875 0.1859375
0 0.09609375 0.0421875 0.19140625 0.08359375
0 0.96953125 0.3390625 0.05625 0.15
0 0.81171875 0.34453125 0.36484375 0.171875
0 0.503125 0.334375 0.29765625 0.25390625