0 0.40859375 0.35234375 0.57890625 0.3109375
0 0.39375 0.5875 0.49609375 0.22421875
0 0.24140625 0.16953125 0.45 0.234375
0 0.49921875 0.3515625 0.99375 0.70078125
0 0.66015625 0.075 0.34609375 0.15
0 0.83515625 0.35 0.325 0.16015625
0 0.80703125 0.178125 0.37734375 0.2078125
0 0.071875 0.3765625 0.14375 0.24609375
0 0.86171875 0.46796875 0.27265625 0.16484375
0 0.08828125 0.5796875 0.1765625 0.203125
0 0.665625 0.51640625 0.14765625 0.19375
0 0.35546875 0.06640625 0.2921875 0.1328125
0 0.109375 0.0765625 0.21875 0.153125
0 0.5375 0.18984375 0.16640625 0.11796875