0 0.49921875 0.40078125 0.99765625 0.44375
0 0.92734375 0.3546875 0.14140625 0.10703125
0 0.81796875 0.515625 0.21484375 0.15546875
0 0.821875 0.25 0.34765625 0.15078125
0 0.53359375 0.415625 0.20390625 0.11640625
0 0.95234375 0.540625 0.09140625 0.140625
0 0.15390625 0.32578125 0.21640625 0.12109375
0 0.12578125 0.24609375 0.21875 0.1140625
0 0.784375 0.3640625 0.16484375 0.08515625
0 0.496875 0.5125 0.16015625 0.090625
0 0.70546875 0.26640625 0.11875 0.1203125
0 0.646875 0.503125 0.17265625 0.1359375
0 0.89765625 0.27265625 0.19609375 0.09921875
0 0.14296875 0.42265625 0.21015625 0.09296875
0 0.140625 0.5015625 0.21484375 0.08828125
0 0.32421875 0.428125 0.16015625 0.08515625