0 0.34921875 0.35625 0.51015625 0.31640625
0 0.37265625 0.59140625 0.50390625 0.2296875
0 0.22890625 0.1703125 0.45 0.234375
0 0.49921875 0.3546875 0.99375 0.70859375
0 0.83203125 0.3515625 0.32734375 0.1625
0 0.80625 0.19765625 0.37890625 0.1734375
0 0.3546875 0.06640625 0.29375 0.1328125
0 0.65625 0.521875 0.15390625 0.196875
0 0.66015625 0.07421875 0.35 0.1484375
0 0.85625 0.4796875 0.27890625 0.15
0 0.07890625 0.58125 0.1578125 0.2
0 0.109375 0.07578125 0.21875 0.15078125
0 0.06015625 0.38125 0.1203125 0.2375
0 0.53125 0.19296875 0.17890625 0.1265625
0 0.625 0.35234375 0.13359375 0.21484375
0 0.525 0.328125 0.32890625 0.26328125
0 0.81015625 0.2828125 0.37109375 0.5421875
0 0.41171875 0.45234375 0.64375 0.50625