0 0.39609375 0.390625 0.7875 0.49765625
0 0.87578125 0.534375 0.23984375 0.15078125
0 0.41484375 0.54453125 0.275 0.17890625
0 0.21171875 0.440625 0.26484375 0.13359375
0 0.178125 0.54296875 0.23515625 0.14296875
0 0.69765625 0.3765625 0.07890625 0.090625
0 0.55 0.54140625 0.55390625 0.1984375
0 0.59296875 0.5421875 0.10234375 0.12890625
0 0.678125 0.52734375 0.08515625 0.11171875
0 0.76015625 0.5046875 0.1375 0.125
0 0.26796875 0.221875 0.24765625 0.1625
0 0.534375 0.44296875 0.38515625 0.08359375
0 0.40703125 0.33828125 0.14765625 0.14140625