0 0.76875 0.45234375 0.45390625 0.3640625
0 0.3 0.45078125 0.53359375 0.296875
0 0.265625 0.67734375 0.48515625 0.24375
0 0.74765625 0.7109375 0.49609375 0.28515625
0 0.65390625 0.24921875 0.48359375 0.265625
0 0.140625 0.23046875 0.28125 0.25625
0 0.853125 0.12265625 0.28984375 0.1625
0 0.5 0.44765625 0.99140625 0.81015625
0 0.9375 0.25 0.12109375 0.20546875
0 0.57734375 0.115625 0.29140625 0.14140625
0 0.35859375 0.25390625 0.17109375 0.16484375
0 0.07578125 0.1734375 0.1515625 0.146875
0 0.11484375 0.28046875 0.22890625 0.15546875
0 0.021875 0.49140625 0.04375 0.2078125
0 0.196875 0.22734375 0.17265625 0.17578125