0 0.49765625 0.3234375 0.99140625 0.64609375
0 0.63125 0.08125 0.3 0.1625
0 0.5625 0.53984375 0.425 0.1890625
0 0.17421875 0.34921875 0.34765625 0.26171875
0 0.55546875 0.3421875 0.42265625 0.259375
0 0.18046875 0.546875 0.36015625 0.19921875
0 0.7625 0.18359375 0.3125 0.18359375
0 0.39140625 0.18125 0.425 0.2171875
0 0.95 0.1984375 0.09609375 0.16953125
0 0.828125 0.44765625 0.13984375 0.1265625
0 0.82890625 0.3390625 0.15390625 0.140625
0 0.09140625 0.1875 0.1828125 0.190625
0 0.096875 0.075 0.19375 0.15
0 0.340625 0.0609375 0.30625 0.12109375
0 0.94765625 0.32109375 0.1 0.08359375
0 0.94140625 0.40234375 0.1125 0.08359375
0 0.75859375 0.30625 0.3 0.20546875