0 0.49921875 0.40390625 0.99765625 0.4890625
0 0.90078125 0.58125 0.19375 0.12265625
0 0.23203125 0.4171875 0.21015625 0.115625
0 0.64375 0.36015625 0.1875 0.1
0 0.35 0.50390625 0.16640625 0.1359375
0 0.78359375 0.246875 0.22890625 0.15703125
0 0.58671875 0.25703125 0.18515625 0.14375
0 0.83828125 0.35 0.22265625 0.13125
0 0.42890625 0.265625 0.16640625 0.12890625
0 0.51640625 0.51484375 0.20390625 0.15
0 0.48125 0.365625 0.15390625 0.0921875
0 0.19453125 0.51484375 0.16875 0.09296875
0 0.71328125 0.528125 0.23125 0.17421875