0 0.49375 0.51875 0.2125 0.1390625
0 0.0875 0.54453125 0.175 0.17109375
0 0.69140625 0.52578125 0.60859375 0.1625
0 0.69375 0.525 0.20390625 0.1453125
0 0.49921875 0.41015625 0.99375 0.4765625
0 0.22734375 0.53125 0.45390625 0.2015625
0 0.89453125 0.5296875 0.20234375 0.1578125
0 0.21640625 0.5296875 0.1125 0.13203125
0 0.49765625 0.5359375 0.9953125 0.20625
0 0.221875 0.4078125 0.44375 0.4703125
0 0.30546875 0.509375 0.08515625 0.12734375
0 0.32265625 0.3625 0.075 0.090625
0 0.23046875 0.35546875 0.12734375 0.09296875
0 0.18046875 0.29375 0.36015625 0.2359375