0 0.49765625 0.40390625 0.9953125 0.4953125
0 0.91484375 0.5609375 0.16640625 0.18359375
0 0.778125 0.45078125 0.26015625 0.13359375
0 0.740625 0.55625 0.22734375 0.12734375
0 0.08828125 0.44296875 0.1765625 0.1171875
0 0.08671875 0.54921875 0.17265625 0.10625
0 0.846875 0.23515625 0.24375 0.159375
0 0.55703125 0.5421875 0.16875 0.1046875
0 0.57265625 0.45 0.17109375 0.109375
0 0.25078125 0.3671875 0.18984375 0.09296875
0 0.84453125 0.3453125 0.13515625 0.11640625
0 0.26484375 0.45703125 0.17890625 0.090625
0 0.26171875 0.5453125 0.18125 0.090625
0 0.95078125 0.45390625 0.09375 0.09921875
0 0.57421875 0.346875 0.18515625 0.11328125
0 0.42265625 0.4484375 0.14140625 0.096875
0 0.07890625 0.346875 0.1578125 0.103125
0 0.41796875 0.53203125 0.13515625 0.0921875