0 0.49921875 0.40234375 0.99765625 0.45078125
0 0.92421875 0.53515625 0.14765625 0.16484375
0 0.765625 0.515625 0.21484375 0.153125
0 0.59609375 0.5046875 0.17109375 0.1296875
0 0.68203125 0.2625 0.17265625 0.12890625
0 0.9625 0.246875 0.07109375 0.14296875
0 0.89921875 0.359375 0.19375 0.09765625
0 0.48203125 0.415625 0.20234375 0.11640625
0 0.10546875 0.32421875 0.21015625 0.12265625
0 0.44609375 0.5125 0.15859375 0.090625
0 0.79453125 0.25078125 0.40234375 0.15
0 0.73125 0.3640625 0.1625 0.0875
0 0.090625 0.24375 0.18125 0.115625
0 0.571875 0.3515625 0.16484375 0.11796875
0 0.09765625 0.42109375 0.1953125 0.0953125
0 0.271875 0.428125 0.16484375 0.08515625
0 0.09765625 0.50390625 0.1953125 0.0890625