0 0.49921875 0.31953125 0.99375 0.54921875
0 0.28359375 0.3734375 0.34609375 0.18515625
0 0.15234375 0.2265625 0.3 0.1859375
0 0.625 0.3453125 0.33359375 0.2125
0 0.78515625 0.11875 0.25 0.1390625
0 0.10625 0.12734375 0.2125 0.12265625
0 0.32109375 0.11640625 0.225 0.15
0 0.29453125 0.515625 0.34765625 0.14765625
0 0.54609375 0.12890625 0.225 0.14140625
0 0.62109375 0.50625 0.31640625 0.14140625
0 0.45 0.234375 0.3125 0.1765625
0 0.88359375 0.49609375 0.22890625 0.134375
0 0.88984375 0.35234375 0.21640625 0.18046875
0 0.75234375 0.24140625 0.3 0.13359375
0 0.94609375 0.20859375 0.10390625 0.1390625
0 0.06171875 0.36015625 0.12265625 0.2109375
0 0.065625 0.52421875 0.13125 0.14296875