0 0.31640625 0.38671875 0.45390625 0.2125
0 0.49765625 0.36484375 0.99140625 0.71796875
0 0.096875 0.60390625 0.19375 0.24765625
0 0.315625 0.153125 0.47265625 0.28515625
0 0.35625 0.54296875 0.42890625 0.2109375
0 0.065625 0.37734375 0.13125 0.259375
0 0.63125 0.3734375 0.20859375 0.17421875
0 0.29609375 0.065625 0.59140625 0.13125
0 0.96796875 0.19921875 0.06015625 0.1859375
0 0.04765625 0.20546875 0.0953125 0.1765625
0 0.63125 0.16171875 0.20859375 0.26171875
0 0.85703125 0.2 0.15625 0.20625
0 0.78359375 0.36328125 0.1125 0.134375
0 0.88046875 0.35546875 0.10625 0.11640625
0 0.64765625 0.51328125 0.18359375 0.15234375
0 0.96796875 0.3453125 0.06015625 0.11796875
0 0.96953125 0.459375 0.05625 0.1140625
0 0.871875 0.459375 0.09765625 0.109375