0 0.24765625 0.425 0.4953125 0.35625
0 0.72421875 0.678125 0.53125 0.24765625
0 0.73828125 0.4609375 0.51484375 0.2828125
0 0.23125 0.6921875 0.4625 0.23125
0 0.85625 0.20546875 0.28359375 0.33359375
0 0.49921875 0.2421875 0.43984375 0.2515625
0 0.59375 0.1 0.3 0.1828125
0 0.49921875 0.41015625 0.99375 0.7984375
0 0.290625 0.1 0.34765625 0.15546875
0 0.0625 0.0796875 0.125 0.1359375
0 0.94375 0.1 0.10859375 0.11171875
0 0.975 0.65859375 0.04609375 0.21328125
0 0.81953125 0.09921875 0.16875 0.12734375
0 0.49921875 0.19140625 0.99765625 0.35859375
0 0.14140625 0.20625 0.2828125 0.246875