0 0.275 0.4265625 0.55 0.3546875
0 0.76640625 0.4625 0.4625 0.284375
0 0.753125 0.6796875 0.48515625 0.2515625
0 0.25703125 0.68046875 0.5140625 0.2515625
0 0.884375 0.2 0.22734375 0.32890625
0 0.55625 0.2390625 0.4375 0.259375
0 0.65 0.1 0.3 0.18359375
0 0.49921875 0.41015625 0.99375 0.79921875
0 0.34453125 0.10546875 0.35234375 0.16171875
0 0.16953125 0.221875 0.3390625 0.275
0 0.09296875 0.08359375 0.18515625 0.134375
0 0.89296875 0.1078125 0.20234375 0.14765625
0 0.49921875 0.19140625 0.99375 0.35390625