0 0.71015625 0.48203125 0.55390625 0.30546875
0 0.65703125 0.7125 0.51015625 0.2640625
0 0.73671875 0.27578125 0.19375 0.16953125
0 0.13203125 0.49609375 0.23515625 0.1765625
0 0.49921875 0.4859375 0.99375 0.78046875
0 0.946875 0.73984375 0.10234375 0.27734375
0 0.90078125 0.1625 0.18984375 0.1671875
0 0.33359375 0.50703125 0.21640625 0.1890625
0 0.03984375 0.21171875 0.07890625 0.1359375
0 0.07265625 0.325 0.1453125 0.10625
0 0.91015625 0.27734375 0.175 0.26171875
0 0.97734375 0.52734375 0.04140625 0.23359375
0 0.40234375 0.2140625 0.2375 0.159375
0 0.24453125 0.33359375 0.21015625 0.10390625
0 0.32578125 0.36640625 0.6515625 0.4703125
0 0.18359375 0.21484375 0.22890625 0.1578125
0 0.56015625 0.23203125 0.175 0.140625
0 0.25546875 0.41796875 0.21015625 0.0765625
0 0.434375 0.30859375 0.17734375 0.14765625