0 0.49921875 0.33046875 0.99375 0.5421875
0 0.32578125 0.38125 0.33515625 0.17890625
0 0.65390625 0.359375 0.325 0.1921875
0 0.32890625 0.13046875 0.225 0.14765625
0 0.478125 0.246875 0.30625 0.16875
0 0.78203125 0.12734375 0.24765625 0.1296875
0 0.11015625 0.1421875 0.2203125 0.121875
0 0.55 0.13671875 0.22109375 0.13203125
0 0.33828125 0.5203125 0.33515625 0.14375
0 0.18359375 0.2453125 0.30390625 0.1625
0 0.08671875 0.371875 0.17265625 0.2109375
0 0.896875 0.49765625 0.20234375 0.12734375
0 0.903125 0.36484375 0.18984375 0.15703125
0 0.65078125 0.50859375 0.30625 0.13671875
0 0.08984375 0.5328125 0.17890625 0.14140625
0 0.95078125 0.2171875 0.09375 0.14296875
0 0.76875 0.23671875 0.2875 0.15703125