0 0.49921875 0.3578125 0.99375 0.71328125
0 0.40078125 0.5375 0.39765625 0.203125
0 0.34375 0.1390625 0.4375 0.2265625
0 0.06953125 0.12265625 0.1390625 0.2453125
0 0.90390625 0.13359375 0.1875 0.24765625
0 0.678125 0.13125 0.32265625 0.25703125
0 0.34609375 0.35703125 0.45859375 0.2296875
0 0.115625 0.5375 0.23125 0.31484375
0 0.68671875 0.3390625 0.28125 0.178125
0 0.903125 0.32578125 0.18515625 0.15234375
0 0.90390625 0.46015625 0.18359375 0.14296875
0 0.08828125 0.3609375 0.1765625 0.24375
0 0.69453125 0.49375 0.26015625 0.16171875
0 0.5 0.13046875 0.9875 0.2609375
0 0.35078125 0.04375 0.48984375 0.0875