0 0.49765625 0.39296875 0.9953125 0.4515625
0 0.25703125 0.55390625 0.25234375 0.1140625
0 0.48828125 0.54609375 0.21875 0.10859375
0 0.49375 0.44765625 0.21640625 0.1
0 0.26015625 0.45078125 0.25 0.10703125
0 0.7 0.4484375 0.2 0.10859375
0 0.41171875 0.35390625 0.19765625 0.0921875
0 0.87578125 0.37421875 0.18515625 0.0859375
0 0.06796875 0.5625 0.13515625 0.1109375
0 0.69609375 0.54296875 0.2 0.0953125
0 0.20390625 0.34375 0.225 0.109375
0 0.06953125 0.4515625 0.1390625 0.115625
0 0.88125 0.5453125 0.175 0.090625
0 0.88515625 0.45859375 0.175 0.08984375