0 0.43359375 0.35 0.4625 0.28203125
0 0.45859375 0.334375 0.91640625 0.66640625
0 0.59375 0.08046875 0.340625 0.1609375
0 0.72265625 0.18671875 0.33359375 0.19453125
0 0.11875 0.56640625 0.2375 0.20390625
0 0.94140625 0.2203125 0.1125 0.134375
0 0.44375 0.5609375 0.45390625 0.2015625
0 0.109375 0.36015625 0.21875 0.26796875
0 0.76171875 0.34609375 0.25234375 0.1453125
0 0.78359375 0.4578125 0.19609375 0.1390625
0 0.30625 0.18359375 0.49609375 0.22421875
0 0.93984375 0.30390625 0.11640625 0.30078125
0 0.28203125 0.0609375 0.29765625 0.12109375
0 0.94140625 0.32578125 0.1125 0.08828125
0 0.93984375 0.40703125 0.11640625 0.0921875
0 0.071875 0.071875 0.14375 0.14375
0 0.03359375 0.18359375 0.06640625 0.140625
0 0.67109375 0.49140625 0.06640625 0.159375
0 0.43359375 0.359375 0.7125 0.40703125