0 0.23203125 0.68046875 0.4640625 0.2421875
0 0.228125 0.45625 0.45625 0.28984375
0 0.65625 0.41484375 0.425 0.3015625
0 0.6375 0.640625 0.40390625 0.20625
0 0.49921875 0.4046875 0.99375 0.8015625
0 0.74921875 0.25859375 0.33984375 0.21328125
0 0.90546875 0.61640625 0.18515625 0.16953125
0 0.096875 0.08984375 0.19375 0.1796875
0 0.08515625 0.2171875 0.1703125 0.25625
0 0.61796875 0.121875 0.26484375 0.140625
0 0.375 0.2421875 0.425 0.2515625
0 0.92890625 0.44609375 0.1375 0.20078125
0 0.33671875 0.090625 0.30234375 0.125
0 0.95390625 0.259375 0.0875 0.0921875
0 0.41640625 0.09765625 0.14609375 0.1015625