0 0.49921875 0.3234375 0.99375 0.58515625
0 0.83359375 0.11640625 0.275 0.16875
0 0.18203125 0.53671875 0.3640625 0.1578125
0 0.853125 0.5296875 0.28984375 0.1578125
0 0.85859375 0.36875 0.27890625 0.2015625
0 0.72265625 0.2296875 0.3375 0.178125
0 0.57578125 0.12265625 0.23515625 0.1578125
0 0.53984375 0.53046875 0.35390625 0.1625
0 0.55 0.3640625 0.37109375 0.21796875
0 0.33671875 0.10546875 0.23984375 0.1546875
0 0.1125 0.1140625 0.225 0.11328125
0 0.384375 0.23203125 0.34375 0.19140625
0 0.1125 0.21640625 0.225 0.18046875
0 0.940625 0.234375 0.11484375 0.13125
0 0.18046875 0.37734375 0.36015625 0.19609375