0 0.5 0.40390625 0.99609375 0.47265625
0 0.825 0.53125 0.23359375 0.1734375
0 0.91875 0.35 0.15859375 0.12890625
0 0.72421875 0.24609375 0.54375 0.16484375
0 0.34296875 0.41953125 0.20625 0.1109375
0 0.75546875 0.35859375 0.19375 0.10625
0 0.95859375 0.5578125 0.07890625 0.153125
0 0.88828125 0.24375 0.21484375 0.16015625
0 0.45703125 0.5015625 0.16875 0.1390625
0 0.62421875 0.515625 0.20625 0.15234375
0 0.590625 0.3640625 0.15625 0.09296875
0 0.30703125 0.5140625 0.16015625 0.0921875
0 0.53984375 0.26484375 0.17109375 0.1265625
0 0.659375 0.26328125 0.11015625 0.12890625