0 0.32265625 0.675 0.52890625 0.24140625
0 0.32890625 0.45546875 0.5125 0.284375
0 0.76640625 0.64375 0.4125 0.21015625
0 0.784375 0.4171875 0.42734375 0.30546875
0 0.153125 0.22734375 0.30625 0.26640625
0 0.49921875 0.40234375 0.99375 0.79921875
0 0.85546875 0.2609375 0.28515625 0.2109375
0 0.75625 0.11875 0.2625 0.13671875
0 0.17421875 0.09140625 0.31484375 0.1828125
0 0.02890625 0.68203125 0.0578125 0.2109375
0 0.51171875 0.2453125 0.42265625 0.25
0 0.03828125 0.44765625 0.0765625 0.2890625
0 0.96953125 0.62890625 0.05625 0.15
0 0.471875 0.09375 0.29375 0.12109375
0 0.540625 0.09921875 0.16015625 0.1015625