0 0.496875 0.32109375 0.990625 0.6421875
0 0.22109375 0.50390625 0.44140625 0.22265625
0 0.190625 0.296875 0.38125 0.27109375
0 0.53828125 0.271875 0.40234375 0.20625
0 0.83828125 0.25703125 0.26015625 0.1859375
0 0.840625 0.08984375 0.26015625 0.17890625
0 0.515625 0.0921875 0.44765625 0.18359375
0 0.565625 0.4375 0.36484375 0.21484375
0 0.84375 0.2484375 0.27109375 0.49609375
0 0.853125 0.41328125 0.25234375 0.16171875
0 0.17265625 0.08984375 0.3453125 0.1796875
0 0.96953125 0.246875 0.05625 0.18984375
0 0.225 0.31015625 0.45 0.61796875
0 0.52734375 0.275 0.4734375 0.55
0 0.96953125 0.07734375 0.05625 0.1546875
0 0.96875 0.25859375 0.05859375 0.51640625