0 0.49921875 0.32109375 0.99375 0.61171875
0 0.82421875 0.1015625 0.27265625 0.1765625
0 0.4875 0.35703125 0.3875 0.23828125
0 0.83046875 0.534375 0.33515625 0.1671875
0 0.14765625 0.378125 0.2953125 0.203125
0 0.48203125 0.5390625 0.36875 0.16953125
0 0.15 0.54453125 0.3 0.1640625
0 0.55078125 0.1125 0.26015625 0.16640625
0 0.678125 0.234375 0.35234375 0.159375
0 0.29921875 0.0875 0.25234375 0.14140625
0 0.834375 0.36015625 0.32734375 0.225
0 0.32265625 0.22890625 0.3625 0.1984375
0 0.08046875 0.2125 0.16015625 0.19453125
0 0.08203125 0.10859375 0.1640625 0.1171875
0 0.92421875 0.225 0.14765625 0.1546875
0 0.48515625 0.0953125 0.1375 0.12734375