0 0.49921875 0.32109375 0.99375 0.61171875
0 0.82265625 0.1015625 0.27109375 0.1765625
0 0.484375 0.35703125 0.38515625 0.23828125
0 0.478125 0.5390625 0.36875 0.16953125
0 0.82890625 0.53515625 0.3375 0.16640625
0 0.55 0.11171875 0.2625 0.1671875
0 0.14609375 0.37890625 0.29140625 0.203125
0 0.14765625 0.54453125 0.2953125 0.1640625
0 0.83359375 0.359375 0.32890625 0.2265625
0 0.3 0.0859375 0.24140625 0.14140625
0 0.67578125 0.234375 0.35234375 0.1578125
0 0.31953125 0.23046875 0.36484375 0.19453125
0 0.08046875 0.109375 0.16015625 0.11640625
0 0.078125 0.215625 0.15625 0.1859375
0 0.92265625 0.21484375 0.15 0.14609375