0 0.33203125 0.51328125 0.22734375 0.14296875
0 0.52734375 0.51796875 0.20390625 0.1453125
0 0.73671875 0.52109375 0.22734375 0.153125
0 0.14296875 0.40546875 0.28515625 0.38671875
0 0.60546875 0.51796875 0.77734375 0.15703125
0 0.89921875 0.5140625 0.19765625 0.134375
0 0.49921875 0.41015625 0.99375 0.39296875
0 0.04921875 0.52890625 0.09765625 0.1359375
0 0.09296875 0.30859375 0.18515625 0.18984375
0 0.14765625 0.35703125 0.075 0.09453125
0 0.134375 0.5046875 0.08984375 0.134375
0 0.05859375 0.35 0.11640625 0.09765625
0 0.09140625 0.42890625 0.1828125 0.0703125
0 0.71953125 0.47734375 0.18515625 0.06875
0 0.22890625 0.4875 0.12109375 0.12890625
0 0.14453125 0.51015625 0.2890625 0.1734375