0 0.49375 0.31875 0.984375 0.6375
0 0.60546875 0.33671875 0.41484375 0.2609375
0 0.6125 0.5328125 0.42109375 0.1859375
0 0.20390625 0.540625 0.4078125 0.19375
0 0.66015625 0.08203125 0.2875 0.1640625
0 0.79609375 0.184375 0.32109375 0.18046875
0 0.43359375 0.1828125 0.40390625 0.2125
0 0.2 0.3453125 0.4 0.25703125
0 0.11796875 0.1859375 0.23515625 0.18984375
0 0.115625 0.07578125 0.23125 0.1515625
0 0.36953125 0.07578125 0.29375 0.15078125
0 0.865625 0.3375 0.13515625 0.140625
0 0.8625 0.4453125 0.125 0.1265625
0 0.9625 0.2078125 0.07109375 0.15234375
0 0.959375 0.32265625 0.07734375 0.08125
0 0.95390625 0.40234375 0.0875 0.0828125
0 0.790625 0.30625 0.28984375 0.20625