0 0.26953125 0.371875 0.35234375 0.18515625
0 0.615625 0.34609375 0.33984375 0.21796875
0 0.31953125 0.1140625 0.22734375 0.15078125
0 0.78515625 0.11953125 0.25859375 0.1453125
0 0.146875 0.22421875 0.29375 0.1859375
0 0.10625 0.1234375 0.2125 0.1203125
0 0.546875 0.128125 0.22734375 0.1453125
0 0.87890625 0.49921875 0.2375 0.13828125
0 0.28125 0.5171875 0.35 0.15
0 0.61015625 0.5078125 0.32109375 0.1453125
0 0.88515625 0.35390625 0.225 0.18125
0 0.94453125 0.2125 0.10625 0.134375
0 0.44140625 0.2375 0.31640625 0.17578125
0 0.05859375 0.525 0.11640625 0.14296875
0 0.05390625 0.3640625 0.1078125 0.203125
0 0.74609375 0.2265625 0.3 0.1671875