0 0.27421875 0.3546875 0.54765625 0.3609375
0 0.20625 0.61640625 0.4125 0.26875
0 0.125 0.14453125 0.25 0.2109375
0 0.70078125 0.346875 0.35625 0.18125
0 0.49921875 0.3765625 0.99375 0.75
0 0.36640625 0.17578125 0.25859375 0.14140625
0 0.48359375 0.53515625 0.225 0.221875
0 0.73125 0.15 0.47890625 0.24140625
0 0.54921875 0.06171875 0.38515625 0.1234375
0 0.921875 0.3359375 0.11015625 0.15078125
0 0.96875 0.1828125 0.05859375 0.18359375
0 0.22734375 0.065625 0.30859375 0.13125
0 0.73046875 0.49296875 0.31015625 0.153125
0 0.93515625 0.453125 0.12109375 0.14609375