0 0.49921875 0.4015625 0.99765625 0.49375
0 0.92578125 0.56015625 0.14375 0.18125
0 0.7625 0.55546875 0.22890625 0.1296875
0 0.79921875 0.44921875 0.26015625 0.13203125
0 0.09921875 0.44375 0.19765625 0.11796875
0 0.09765625 0.5484375 0.1953125 0.10625
0 0.28203125 0.54453125 0.18125 0.090625
0 0.28515625 0.45625 0.17890625 0.08984375
0 0.57734375 0.54140625 0.16640625 0.10625
0 0.59375 0.45078125 0.17109375 0.10859375
0 0.86796875 0.23203125 0.24765625 0.16015625
0 0.9625 0.453125 0.07109375 0.09921875
0 0.434375 0.35703125 0.14375 0.0921875
0 0.59453125 0.34453125 0.18125 0.1109375
0 0.271875 0.3671875 0.18984375 0.09296875
0 0.96328125 0.34296875 0.06875 0.14140625
0 0.79921875 0.3453125 0.26875 0.11328125
0 0.4375 0.53125 0.1375 0.090625
0 0.44375 0.44765625 0.14140625 0.09765625
0 0.090625 0.34765625 0.18125 0.10390625