0 0.49921875 0.34921875 0.99375 0.6984375
0 0.25078125 0.37734375 0.48984375 0.2265625
0 0.05625 0.59453125 0.1125 0.2359375
0 0.296875 0.55546875 0.44765625 0.1984375
0 0.24609375 0.14453125 0.49140625 0.275
0 0.58203125 0.1390625 0.27265625 0.278125
0 0.97421875 0.17890625 0.04765625 0.196875
0 0.59375 0.3625 0.25 0.1828125
0 0.82578125 0.1796875 0.25625 0.2203125
0 0.61171875 0.509375 0.22265625 0.1625
0 0.77109375 0.353125 0.13359375 0.1453125
0 0.87890625 0.4515625 0.1125 0.115625
0 0.77265625 0.4765625 0.12109375 0.1296875
0 0.88828125 0.3453125 0.11875 0.12109375