0 0.49765625 0.3984375 0.9953125 0.44375
0 0.13125 0.44296875 0.24609375 0.10703125
0 0.35546875 0.44453125 0.20625 0.1109375
0 0.12890625 0.54921875 0.24609375 0.11875
0 0.52890625 0.3453125 0.17890625 0.1390625
0 0.35234375 0.54296875 0.20390625 0.1
0 0.5375 0.540625 0.17109375 0.0859375
0 0.85234375 0.34296875 0.19140625 0.1109375
0 0.14921875 0.26796875 0.20625 0.0953125
0 0.07734375 0.34140625 0.15390625 0.1
0 0.540625 0.45546875 0.16875 0.08828125
0 0.84765625 0.45 0.18359375 0.109375
0 0.83203125 0.54140625 0.17734375 0.10390625
0 0.953125 0.55703125 0.08984375 0.109375