0 0.29921875 0.39921875 0.30234375 0.18515625
0 0.86171875 0.384375 0.27265625 0.1765625
0 0.58671875 0.409375 0.28125 0.15546875
0 0.58984375 0.5296875 0.29140625 0.12890625
0 0.29375 0.54140625 0.3 0.13203125
0 0.16875 0.29140625 0.2875 0.15078125
0 0.85703125 0.52109375 0.26484375 0.1203125
0 0.08984375 0.20078125 0.17890625 0.134375
0 0.28125 0.19140625 0.2125 0.11171875
0 0.49140625 0.18359375 0.20859375 0.12890625
0 0.07890625 0.41484375 0.1578125 0.1609375
0 0.89375 0.18671875 0.20859375 0.11640625
0 0.440625 0.29140625 0.26015625 0.14375
0 0.69609375 0.28984375 0.25859375 0.1390625
0 0.90859375 0.2828125 0.17890625 0.12734375
0 0.075 0.5515625 0.15 0.1265625
0 0.69609375 0.1828125 0.20390625 0.1015625