0 0.49921875 0.34765625 0.99375 0.69453125
0 0.35078125 0.53515625 0.42734375 0.21015625
0 0.28203125 0.3453125 0.51484375 0.240625
0 0.08125 0.52734375 0.1625 0.3140625
0 0.2796875 0.11875 0.48125 0.2375
0 0.89921875 0.1328125 0.19765625 0.225
0 0.65859375 0.328125 0.30859375 0.1828125
0 0.896875 0.45625 0.19765625 0.1484375
0 0.66640625 0.4921875 0.28359375 0.16875
0 0.89140625 0.31875 0.20859375 0.1625
0 0.646875 0.15 0.34765625 0.18984375
0 0.271875 0.23359375 0.53125 0.46484375
0 0.05078125 0.34609375 0.1015625 0.2265625
0 0.03046875 0.11484375 0.06015625 0.2296875
0 0.696875 0.1234375 0.590625 0.246875