0 0.77578125 0.72265625 0.44375 0.2875
0 0.79140625 0.49140625 0.4125 0.31484375
0 0.49921875 0.5015625 0.99375 0.725
0 0.33359375 0.22734375 0.225 0.15703125
0 0.08828125 0.49453125 0.1765625 0.1578125
0 0.48203125 0.5171875 0.22265625 0.18984375
0 0.89609375 0.28984375 0.20390625 0.12890625
0 0.284375 0.50546875 0.23515625 0.1734375
0 0.20078125 0.3359375 0.18984375 0.10625
0 0.61484375 0.31171875 0.24609375 0.16171875
0 0.55703125 0.2203125 0.25625 0.1578125
0 0.77421875 0.50390625 0.44375 0.721875
0 0.171875 0.2234375 0.11875 0.12890625
0 0.05546875 0.34453125 0.11015625 0.0875
0 0.40078125 0.42734375 0.20234375 0.0765625
0 0.39140625 0.33203125 0.20859375 0.1265625