0 0.49921875 0.35625 0.99375 0.71015625
0 0.34140625 0.13984375 0.4375 0.225
0 0.4 0.5375 0.4 0.20390625
0 0.90625 0.134375 0.18359375 0.24765625
0 0.34453125 0.35546875 0.46015625 0.2296875
0 0.06875 0.1234375 0.1375 0.24609375
0 0.67734375 0.13046875 0.325 0.25859375
0 0.68671875 0.3390625 0.28125 0.178125
0 0.0875 0.3609375 0.175 0.2453125
0 0.90390625 0.32734375 0.18359375 0.15234375
0 0.90390625 0.46015625 0.18359375 0.14296875
0 0.68984375 0.49296875 0.27109375 0.16484375
0 0.11328125 0.571875 0.2265625 0.246875
0 0.49921875 0.13125 0.98984375 0.26171875
0 0.29296875 0.02734375 0.37734375 0.05390625