0 0.80234375 0.54375 0.22890625 0.11796875
0 0.39140625 0.515625 0.20859375 0.140625
0 0.590625 0.5203125 0.20234375 0.1453125
0 0.17421875 0.41484375 0.34765625 0.4359375
0 0.12578125 0.303125 0.2515625 0.203125
0 0.21484375 0.359375 0.075 0.0921875
0 0.49921875 0.41953125 0.99375 0.4421875
0 0.93125 0.51640625 0.13359375 0.134375
0 0.63828125 0.52109375 0.70625 0.16015625
0 0.034375 0.26015625 0.06875 0.1046875
0 0.109375 0.53046875 0.11484375 0.13203125
0 0.1 0.35234375 0.09609375 0.09453125
0 0.028125 0.34375 0.05625 0.0953125
0 0.11875 0.26953125 0.1375 0.109375
0 0.17734375 0.525 0.35390625 0.1984375
0 0.03203125 0.54609375 0.0640625 0.1578125
0 0.1625 0.35859375 0.04609375 0.08046875
0 0.18671875 0.50390625 0.11484375 0.1359375
0 0.13203125 0.43046875 0.13515625 0.06875
0 0.034375 0.4203125 0.06875 0.0765625