0 0.63359375 0.47578125 0.55 0.30546875
0 0.86640625 0.22734375 0.2625 0.3515625
0 0.90859375 0.740625 0.17890625 0.28046875
0 0.58203125 0.70390625 0.50234375 0.26171875
0 0.26171875 0.5015625 0.21015625 0.1921875
0 0.93671875 0.5015625 0.12265625 0.30390625
0 0.49921875 0.46796875 0.99375 0.8234375
0 0.103125 0.4921875 0.20625 0.18046875
0 0.66875 0.28515625 0.19609375 0.14765625
0 0.29296875 0.36171875 0.58515625 0.46953125
0 0.115625 0.209375 0.23125 0.16171875
0 0.36328125 0.3140625 0.17265625 0.13125
0 0.33125 0.20859375 0.2375 0.16015625
0 0.17578125 0.3234375 0.21484375 0.11640625
0 0.0375 0.3234375 0.075 0.1
0 0.39296875 0.2546875 0.36484375 0.25
0 0.18515625 0.4140625 0.21640625 0.07578125