0 0.49921875 0.41015625 0.99375 0.50390625
0 0.85 0.56328125 0.29140625 0.18515625
0 0.65390625 0.45390625 0.25390625 0.1296875
0 0.61796875 0.5625 0.22265625 0.115625
0 0.11875 0.36640625 0.2 0.09453125
0 0.13046875 0.54765625 0.19375 0.09296875
0 0.13203125 0.4578125 0.18984375 0.0921875
0 0.434375 0.54296875 0.16875 0.1046875
0 0.45078125 0.346875 0.18125 0.1109375
0 0.8875 0.45546875 0.21640625 0.090625
0 0.45 0.453125 0.17109375 0.10859375
0 0.85703125 0.359375 0.15234375 0.1234375
0 0.290625 0.3546875 0.14375 0.096875
0 0.29375 0.53359375 0.14140625 0.09296875