0 0.38359375 0.35 0.4 0.2453125
0 0.771875 0.08828125 0.27265625 0.1765625
0 0.49921875 0.31484375 0.99375 0.62734375
0 0.778125 0.35625 0.39765625 0.221875
0 0.76953125 0.53203125 0.38984375 0.16953125
0 0.49296875 0.0953125 0.27265625 0.16875
0 0.88359375 0.20546875 0.22890625 0.1671875
0 0.09609375 0.37265625 0.19140625 0.21015625
0 0.59296875 0.2140625 0.36484375 0.178125
0 0.38515625 0.5359375 0.37890625 0.17578125
0 0.22109375 0.215625 0.37890625 0.2078125
0 0.1 0.54453125 0.2 0.17109375
0 0.23203125 0.0734375 0.25625 0.14375
0 0.97734375 0.4 0.04140625 0.22421875
0 0.05703125 0.1015625 0.1140625 0.125