0 0.709375 0.38828125 0.57265625 0.36171875
0 0.434375 0.50234375 0.18984375 0.10390625
0 0.090625 0.5234375 0.18125 0.11796875
0 0.24609375 0.5125 0.1875 0.090625
0 0.26484375 0.50234375 0.52890625 0.1578125
0 0.68203125 0.43359375 0.19765625 0.08984375
0 0.70078125 0.33828125 0.20234375 0.11796875
0 0.68125 0.26328125 0.20859375 0.1109375
0 0.67578125 0.51171875 0.20625 0.09453125
0 0.87578125 0.3515625 0.16015625 0.09921875
0 0.50703125 0.4234375 0.16875 0.08046875
0 0.28046875 0.4921875 0.31484375 0.13125
0 0.86484375 0.4390625 0.17109375 0.0859375