0 0.49921875 0.3515625 0.99375 0.703125
0 0.23203125 0.13984375 0.4640625 0.2765625
0 0.2375 0.378125 0.475 0.23203125
0 0.26875 0.5609375 0.45859375 0.2015625
0 0.57109375 0.3625 0.27109375 0.18984375
0 0.03515625 0.59921875 0.0703125 0.2046875
0 0.578125 0.18671875 0.24375 0.17578125
0 0.59921875 0.51328125 0.23125 0.1640625
0 0.76875 0.35234375 0.14609375 0.14765625
0 0.89375 0.19921875 0.12109375 0.16484375
0 0.775 0.21328125 0.1625 0.1390625
0 0.98046875 0.17265625 0.03515625 0.196875
0 0.825 0.171875 0.2625 0.22421875
0 0.89921875 0.340625 0.13515625 0.125
0 0.88515625 0.45078125 0.12109375 0.11875
0 0.77109375 0.47734375 0.13359375 0.13203125