0 0.496875 0.32109375 0.990625 0.6421875
0 0.64609375 0.08203125 0.29140625 0.1640625
0 0.77734375 0.184375 0.31640625 0.18046875
0 0.58828125 0.5375 0.42265625 0.1859375
0 0.19140625 0.54609375 0.3828125 0.1921875
0 0.58046875 0.3390625 0.41875 0.2609375
0 0.18671875 0.3484375 0.37265625 0.2609375
0 0.10390625 0.1859375 0.2078125 0.190625
0 0.10625 0.075 0.2125 0.15
0 0.4125 0.18125 0.41640625 0.2171875
0 0.846875 0.3390625 0.14375 0.13828125
0 0.35546875 0.06953125 0.30234375 0.1390625
0 0.84375 0.446875 0.13359375 0.12734375
0 0.95625 0.20234375 0.08359375 0.16171875
0 0.953125 0.321875 0.08984375 0.0828125
0 0.94921875 0.40234375 0.09765625 0.08359375
0 0.76953125 0.3078125 0.30234375 0.1984375