0 0.49765625 0.40703125 0.9953125 0.4984375
0 0.71484375 0.5609375 0.27890625 0.1765625
0 0.48515625 0.553125 0.22109375 0.13203125
0 0.52109375 0.453125 0.25 0.12734375
0 0.88671875 0.546875 0.13515625 0.153125
0 0.71796875 0.35703125 0.14375 0.125
0 0.30234375 0.54296875 0.17109375 0.1046875
0 0.31328125 0.34375 0.18984375 0.1140625
0 0.08515625 0.2578125 0.14609375 0.10703125
0 0.04375 0.54921875 0.0875 0.096875
0 0.31640625 0.453125 0.17109375 0.10859375
0 0.04296875 0.45703125 0.08515625 0.0953125
0 0.15703125 0.53515625 0.14765625 0.0953125