0 0.49921875 0.35625 0.99375 0.71015625
0 0.33984375 0.14140625 0.4375 0.22890625
0 0.39765625 0.5375 0.4 0.203125
0 0.90078125 0.13359375 0.19375 0.2484375
0 0.675 0.13046875 0.325 0.25625
0 0.06796875 0.1234375 0.13515625 0.24609375
0 0.340625 0.35625 0.46484375 0.23125
0 0.69140625 0.49296875 0.26640625 0.1671875
0 0.08515625 0.3609375 0.1703125 0.24375
0 0.68515625 0.3390625 0.28359375 0.178125
0 0.1125 0.5734375 0.225 0.24375
0 0.90390625 0.46015625 0.18359375 0.14296875
0 0.90390625 0.32578125 0.18359375 0.15234375
0 0.4984375 0.13125 0.990625 0.2625
0 0.69453125 0.04375 0.34375 0.0875
0 0.34296875 0.04296875 0.48984375 0.0859375