0 0.49921875 0.378125 0.99375 0.75390625
0 0.68359375 0.34765625 0.37109375 0.1828125
0 0.19609375 0.61875 0.39140625 0.2703125
0 0.11328125 0.13828125 0.2265625 0.2015625
0 0.46484375 0.5375 0.22890625 0.22265625
0 0.71953125 0.14453125 0.48515625 0.2484375
0 0.5375 0.0609375 0.39140625 0.12109375
0 0.35 0.17578125 0.2625 0.14375
0 0.178125 0.38984375 0.35625 0.29375
0 0.20234375 0.065625 0.32890625 0.13125
0 0.96484375 0.1828125 0.06640625 0.18359375
0 0.71484375 0.49453125 0.3125 0.15234375
0 0.290625 0.4640625 0.57734375 0.57421875
0 0.41171875 0.35 0.23515625 0.24765625
0 0.63046875 0.17421875 0.30625 0.19140625
0 0.925 0.33828125 0.14140625 0.153125
0 0.85625 0.146875 0.20390625 0.234375
0 0.92265625 0.4546875 0.14140625 0.14765625
0 0.26640625 0.325 0.52890625 0.30078125