0 0.61875 0.34609375 0.3375 0.215625
0 0.31953125 0.11484375 0.22734375 0.15
0 0.27265625 0.371875 0.35 0.18515625
0 0.78125 0.11875 0.2625 0.14375
0 0.14765625 0.22421875 0.2953125 0.1859375
0 0.10625 0.125 0.2125 0.12265625
0 0.54609375 0.128125 0.225 0.1453125
0 0.28359375 0.515625 0.35 0.15
0 0.61328125 0.50703125 0.31875 0.14375
0 0.88046875 0.4984375 0.23515625 0.13671875
0 0.88671875 0.35390625 0.22265625 0.17890625
0 0.94453125 0.2125 0.10625 0.13671875
0 0.44296875 0.2359375 0.31484375 0.17421875
0 0.05625 0.36171875 0.1125 0.2078125
0 0.06015625 0.525 0.1203125 0.14375
0 0.74765625 0.2265625 0.3 0.16484375