0 0.271875 0.3546875 0.54375 0.3609375
0 0.20390625 0.61640625 0.4078125 0.2703125
0 0.69765625 0.346875 0.35859375 0.18125
0 0.12421875 0.14296875 0.24765625 0.20859375
0 0.546875 0.06171875 0.38515625 0.1234375
0 0.49921875 0.3765625 0.99375 0.7515625
0 0.36171875 0.17578125 0.26015625 0.14140625
0 0.48125 0.53515625 0.22109375 0.221875
0 0.93046875 0.3359375 0.13125 0.15078125
0 0.21953125 0.065625 0.31484375 0.13125
0 0.96796875 0.18203125 0.06015625 0.1828125
0 0.78359375 0.47578125 0.425 0.18984375
0 0.72734375 0.14921875 0.47890625 0.24375
0 0.6375 0.1765625 0.3 0.1890625
0 0.92890625 0.45390625 0.13359375 0.1484375
0 0.30078125 0.53671875 0.58515625 0.22421875