0 0.56015625 0.3421875 0.42109375 0.259375
0 0.565625 0.53984375 0.42265625 0.1875
0 0.17578125 0.3484375 0.3515625 0.2625
0 0.63125 0.08125 0.3 0.1625
0 0.18125 0.54609375 0.3625 0.1984375
0 0.76484375 0.184375 0.3125 0.1828125
0 0.09765625 0.075 0.1953125 0.15
0 0.83203125 0.3390625 0.15234375 0.13828125
0 0.39453125 0.1828125 0.42265625 0.21484375
0 0.09375 0.18828125 0.1875 0.18984375
0 0.83046875 0.44765625 0.13984375 0.1265625
0 0.49765625 0.3234375 0.99140625 0.64375
0 0.95078125 0.22421875 0.09375 0.11796875
0 0.34140625 0.065625 0.30390625 0.13125
0 0.94921875 0.32109375 0.09765625 0.08359375
0 0.94375 0.40390625 0.10859375 0.0859375
0 0.76015625 0.30625 0.3 0.203125