0 0.49921875 0.36171875 0.99375 0.72265625
0 0.17421875 0.12578125 0.34765625 0.2484375
0 0.48515625 0.15625 0.3125 0.19921875
0 0.48671875 0.35 0.34765625 0.20390625
0 0.18203125 0.36640625 0.3640625 0.2546875
0 0.20078125 0.56328125 0.4015625 0.2203125
0 0.90859375 0.13984375 0.17109375 0.24609375
0 0.74375 0.334375 0.2 0.15703125
0 0.525 0.51015625 0.30390625 0.18046875
0 0.73359375 0.13203125 0.23359375 0.2640625
0 0.91015625 0.325 0.15859375 0.1359375
0 0.74921875 0.4734375 0.18125 0.1453125
0 0.90546875 0.44296875 0.14765625 0.13125
0 0.48125 0.04296875 0.22109375 0.0859375