0 0.18125 0.39921875 0.29609375 0.159375
0 0.225 0.2 0.2 0.1265625
0 0.46328125 0.38984375 0.27734375 0.1734375
0 0.73203125 0.4 0.26875 0.14609375
0 0.3375 0.29296875 0.26640625 0.13828125
0 0.17109375 0.525 0.29140625 0.1296875
0 0.11796875 0.28984375 0.18125 0.115625
0 0.73046875 0.5140625 0.28125 0.1203125
0 0.425 0.1921875 0.20390625 0.10859375
0 0.92890625 0.3765625 0.1375 0.1734375
0 0.45390625 0.5203125 0.275 0.1234375
0 0.625 0.18203125 0.20390625 0.1234375
0 0.834375 0.2875 0.24765625 0.13359375
0 0.92734375 0.50703125 0.14140625 0.11796875
0 0.59140625 0.29140625 0.24609375 0.1296875
0 0.95859375 0.1828125 0.07890625 0.1109375
0 0.82265625 0.18359375 0.2 0.1