0 0.49921875 0.38359375 0.99375 0.765625
0 0.16640625 0.628125 0.3328125 0.278125
0 0.24140625 0.37421875 0.4828125 0.3359375
0 0.63828125 0.3515625 0.37265625 0.1859375
0 0.30078125 0.178125 0.27265625 0.14609375
0 0.409375 0.54296875 0.24765625 0.22734375
0 0.084375 0.1375 0.16875 0.225
0 0.75390625 0.4796875 0.48359375 0.2015625
0 0.9 0.3421875 0.16640625 0.153125
0 0.16953125 0.071875 0.31015625 0.14375
0 0.63359375 0.1484375 0.40390625 0.25234375
0 0.55234375 0.0609375 0.5109375 0.121875
0 0.95625 0.190625 0.08359375 0.178125
0 0.66953125 0.50234375 0.31484375 0.153125
0 0.88359375 0.1546875 0.225 0.2390625
0 0.875 0.190625 0.1 0.1546875
0 0.90390625 0.45703125 0.17890625 0.1546875
0 0.35546875 0.35546875 0.25234375 0.2515625