0 0.28984375 0.51328125 0.22109375 0.14296875
0 0.48828125 0.5171875 0.20234375 0.14296875
0 0.86640625 0.51328125 0.22109375 0.13203125
0 0.12421875 0.41171875 0.24765625 0.38203125
0 0.696875 0.5203125 0.22265625 0.153125
0 0.58359375 0.51640625 0.81640625 0.15546875
0 0.07265625 0.31875 0.1453125 0.16875
0 0.49921875 0.41484375 0.99375 0.390625
0 0.09453125 0.50703125 0.09375 0.12734375
0 0.10703125 0.35546875 0.07734375 0.09296875
0 0.03828125 0.35078125 0.0765625 0.0953125
0 0.984375 0.534375 0.02734375 0.08046875
0 0.95078125 0.51015625 0.09375 0.1265625
0 0.07109375 0.42734375 0.14140625 0.0671875
0 0.028125 0.52734375 0.05625 0.1359375
0 0.12578125 0.509375 0.2515625 0.171875
0 0.184375 0.48828125 0.13515625 0.1296875
0 0.01796875 0.35 0.03515625 0.0953125
0 0.03984375 0.28203125 0.07890625 0.08984375