0 0.49921875 0.39609375 0.99765625 0.4390625
0 0.86640625 0.515625 0.21640625 0.16015625
0 0.58046875 0.41484375 0.20234375 0.11875
0 0.69453125 0.50390625 0.17265625 0.13671875
0 0.54375 0.51328125 0.15859375 0.0921875
0 0.846875 0.24921875 0.29765625 0.15234375
0 0.92265625 0.271875 0.14609375 0.09765625
0 0.19375 0.4234375 0.20859375 0.0921875
0 0.20546875 0.334375 0.21484375 0.1046875
0 0.83515625 0.3640625 0.16640625 0.0859375
0 0.18984375 0.50390625 0.20859375 0.08359375
0 0.371875 0.42890625 0.16015625 0.08515625
0 0.75625 0.265625 0.11640625 0.12109375