0 0.52890625 0.4078125 0.9375 0.4390625
0 0.20546875 0.43984375 0.27265625 0.153125
0 0.203125 0.5609375 0.27265625 0.115625
0 0.21015625 0.33515625 0.24140625 0.12734375
0 0.46171875 0.56328125 0.25234375 0.1140625
0 0.70625 0.56640625 0.24609375 0.11171875
0 0.90859375 0.5640625 0.17890625 0.1140625
0 0.71328125 0.44375 0.24375 0.15234375
0 0.77109375 0.28984375 0.20859375 0.09765625
0 0.91328125 0.46484375 0.16875 0.1
0 0.46953125 0.44453125 0.25625 0.153125
0 0.865625 0.36796875 0.20234375 0.08984375
0 0.33828125 0.25546875 0.23984375 0.1453125
0 0.66171875 0.36171875 0.21015625 0.1046875
0 0.44453125 0.359375 0.22734375 0.0953125
0 0.284375 0.25625 0.13125 0.1140625
0 0.0375 0.5515625 0.075 0.109375
0 0.93515625 0.29921875 0.125 0.08828125
0 0.03828125 0.43828125 0.0765625 0.0796875
0 0.56171875 0.265625 0.21875 0.140625
0 0.60703125 0.26640625 0.78125 0.15546875