0 0.49921875 0.31640625 0.99375 0.6296875
0 0.35078125 0.34921875 0.40234375 0.25
0 0.75390625 0.0875 0.275 0.17421875
0 0.74375 0.5328125 0.39609375 0.1734375
0 0.75078125 0.35078125 0.40625 0.234375
0 0.35546875 0.5375 0.38515625 0.17890625
0 0.56484375 0.2 0.37109375 0.20390625
0 0.47109375 0.09140625 0.27890625 0.17109375
0 0.871875 0.20234375 0.25234375 0.17109375
0 0.20625 0.0734375 0.2625 0.14609375
0 0.08359375 0.5453125 0.16640625 0.17109375
0 0.08046875 0.37734375 0.16015625 0.20078125
0 0.190625 0.21484375 0.38125 0.2078125
0 0.96015625 0.453125 0.07109375 0.11796875
0 0.04921875 0.09921875 0.09765625 0.12734375
0 0.96484375 0.34921875 0.06640625 0.13203125