0 0.48359375 0.390625 0.96640625 0.484375
0 0.834375 0.60859375 0.32734375 0.53984375
0 0.4 0.5125 0.23359375 0.1734375
0 0.6 0.525 0.22890625 0.19375
0 0.19296875 0.5015625 0.21015625 0.1546875
0 0.31953125 0.3453125 0.18515625 0.1046875
0 0.25625 0.24140625 0.1875 0.14375
0 0.95859375 0.271875 0.07890625 0.1453125
0 0.45 0.23515625 0.22109375 0.15703125
0 0.053125 0.49140625 0.10625 0.14375
0 0.73125 0.32109375 0.25 0.1578125
0 0.09375 0.24609375 0.175 0.1296875
0 0.15 0.3484375 0.1625 0.0953125
0 0.66484375 0.22734375 0.23359375 0.15703125
0 0.85234375 0.525 0.29140625 0.26875
0 0.50859375 0.33984375 0.20390625 0.12734375