0 0.50703125 0.41015625 0.97734375 0.4390625
0 0.428125 0.565625 0.25234375 0.1140625
0 0.303125 0.26484375 0.23984375 0.13125
0 0.890625 0.5671875 0.21484375 0.11328125
0 0.17109375 0.44765625 0.275 0.1453125
0 0.67109375 0.56875 0.24609375 0.1109375
0 0.16796875 0.5640625 0.27734375 0.11640625
0 0.17578125 0.3375 0.24375 0.1296875
0 0.896875 0.465625 0.20234375 0.1015625
0 0.678125 0.4484375 0.24375 0.14609375
0 0.43515625 0.44765625 0.25859375 0.15
0 0.91796875 0.3015625 0.16015625 0.08828125
0 0.83046875 0.37109375 0.20234375 0.0875
0 0.62734375 0.36484375 0.2125 0.10234375
0 0.41015625 0.36171875 0.225 0.09765625