0 0.4984375 0.3734375 0.99375 0.746875
0 0.78203125 0.13125 0.42734375 0.26171875
0 0.12265625 0.12265625 0.2453125 0.2453125
0 0.41875 0.1453125 0.37890625 0.21484375
0 0.46328125 0.52265625 0.35234375 0.19453125
0 0.903125 0.13046875 0.18984375 0.25625
0 0.41328125 0.35234375 0.41484375 0.2203125
0 0.140625 0.365625 0.28125 0.259375
0 0.159375 0.57421875 0.31875 0.240625
0 0.71640625 0.3375 0.23359375 0.16953125
0 0.90703125 0.32578125 0.17734375 0.14609375
0 0.721875 0.48203125 0.22265625 0.15546875
0 0.90625 0.45234375 0.17109375 0.13828125
0 0.42890625 0.04296875 0.4125 0.0859375
0 0.49921875 0.13125 0.98984375 0.259375