0 0.39765625 0.390625 0.79140625 0.4984375
0 0.865625 0.53359375 0.25625 0.15
0 0.39609375 0.54453125 0.275 0.17890625
0 0.19453125 0.43984375 0.26875 0.13203125
0 0.57421875 0.540625 0.10234375 0.1265625
0 0.40078125 0.3453125 0.11875 0.1265625
0 0.97734375 0.56328125 0.04140625 0.10703125
0 0.68046875 0.37578125 0.07734375 0.090625
0 0.25234375 0.334375 0.1375 0.11640625
0 0.57890625 0.36875 0.08359375 0.090625
0 0.25 0.22265625 0.25 0.1578125
0 0.65859375 0.528125 0.08359375 0.10859375
0 0.5 0.36328125 0.0875 0.0921875
0 0.51796875 0.4421875 0.38125 0.08046875
0 0.73828125 0.5046875 0.14765625 0.125
0 0.15625 0.5421875 0.2375 0.1453125