0 0.49921875 0.321875 0.99375 0.6015625
0 0.10234375 0.18046875 0.20390625 0.25234375
0 0.83359375 0.10703125 0.275 0.17421875
0 0.16328125 0.37734375 0.3265625 0.2015625
0 0.16484375 0.54140625 0.32890625 0.16015625
0 0.84140625 0.5328125 0.3125 0.1625
0 0.56484375 0.11484375 0.25390625 0.159375
0 0.703125 0.221875 0.34765625 0.1859375
0 0.51796875 0.3625 0.38125 0.22265625
0 0.51015625 0.53515625 0.3625 0.1671875
0 0.846875 0.365625 0.30234375 0.2125
0 0.31171875 0.1015625 0.26484375 0.16015625
0 0.35390625 0.23203125 0.35390625 0.18984375
0 0.10234375 0.11171875 0.20390625 0.1140625
0 0.93203125 0.22265625 0.13125 0.14140625