0 0.52890625 0.10703125 0.43359375 0.21328125
0 0.4984375 0.32578125 0.99375 0.6515625
0 0.22265625 0.52578125 0.4453125 0.2203125
0 0.55 0.3 0.38359375 0.196875
0 0.84609375 0.10546875 0.25390625 0.2109375
0 0.578125 0.4578125 0.35625 0.21796875
0 0.84140625 0.28515625 0.25390625 0.1765625
0 0.19921875 0.32421875 0.39765625 0.259375
0 0.971875 0.09453125 0.05234375 0.1890625
0 0.85546875 0.4390625 0.24765625 0.15703125
0 0.97109375 0.27890625 0.05390625 0.1828125
0 0.184375 0.109375 0.36875 0.21875
0 0.22265625 0.31796875 0.4453125 0.6359375
0 0.97734375 0.453125 0.04140625 0.17578125