0 0.49921875 0.359375 0.99375 0.7171875
0 0.35 0.140625 0.43359375 0.225
0 0.35234375 0.35546875 0.45 0.2296875
0 0.11953125 0.5359375 0.2390625 0.315625
0 0.90390625 0.13359375 0.1875 0.25
0 0.68046875 0.1296875 0.32265625 0.259375
0 0.40625 0.5359375 0.39140625 0.2015625
0 0.075 0.12265625 0.15 0.2453125
0 0.68828125 0.33828125 0.27734375 0.1765625
0 0.696875 0.4875 0.25625 0.17109375
0 0.09140625 0.35859375 0.1828125 0.2484375
0 0.90390625 0.459375 0.18359375 0.14296875
0 0.90390625 0.3265625 0.18359375 0.15078125
0 0.49921875 0.13125 0.99375 0.26171875
0 0.3578125 0.04453125 0.475 0.0890625
0 0.6984375 0.04453125 0.334375 0.0890625