0 0.49921875 0.3609375 0.99375 0.721875
0 0.18359375 0.128125 0.36640625 0.25625
0 0.80859375 0.13359375 0.3625 0.265625
0 0.19140625 0.36953125 0.3828125 0.2515625
0 0.5 0.12890625 0.30625 0.2578125
0 0.209375 0.5640625 0.41875 0.2171875
0 0.50078125 0.3515625 0.33984375 0.203125
0 0.90625 0.14296875 0.16640625 0.24296875
0 0.53828125 0.51015625 0.29765625 0.178125
0 0.75078125 0.3375 0.19375 0.15703125
0 0.75625 0.4765625 0.16640625 0.1390625
0 0.91171875 0.32734375 0.15625 0.1359375
0 0.90078125 0.44375 0.15234375 0.1296875