0 0.42109375 0.35234375 0.55859375 0.30625
0 0.25546875 0.171875 0.44765625 0.23359375
0 0.41015625 0.5828125 0.4875 0.221875
0 0.08203125 0.37578125 0.1640625 0.2484375
0 0.49921875 0.34921875 0.99375 0.69609375
0 0.65390625 0.0765625 0.34609375 0.153125
0 0.096875 0.5796875 0.19375 0.20859375
0 0.83671875 0.34921875 0.31875 0.1578125
0 0.85859375 0.465625 0.27109375 0.1625
0 0.80546875 0.17890625 0.38125 0.21015625
0 0.675 0.51484375 0.12890625 0.18984375
0 0.35234375 0.06796875 0.29609375 0.1359375
0 0.53828125 0.19296875 0.15625 0.11875
0 0.10625 0.06171875 0.2125 0.1234375
0 0.10625 0.13046875 0.2125 0.2609375