0 0.42578125 0.359375 0.53984375 0.29375
0 0.49765625 0.346875 0.99140625 0.69140625
0 0.41953125 0.5796875 0.48515625 0.21796875
0 0.63828125 0.078125 0.34375 0.15546875
0 0.79921875 0.18515625 0.38984375 0.20546875
0 0.2625 0.17890625 0.44140625 0.225
0 0.090625 0.3765625 0.18125 0.25
0 0.82734375 0.3515625 0.3125 0.1578125
0 0.84921875 0.4609375 0.26015625 0.1671875
0 0.103125 0.58046875 0.20625 0.20859375
0 0.3375 0.06640625 0.296875 0.1328125
0 0.678125 0.5109375 0.11015625 0.1828125
0 0.534375 0.1953125 0.14375 0.1140625
0 0.10078125 0.13046875 0.2015625 0.2609375
0 0.10078125 0.05546875 0.2015625 0.1109375
0 0.440625 0.38203125 0.72734375 0.44375