0 0.48046875 0.39765625 0.95625 0.50390625
0 0.49921875 0.5484375 0.27265625 0.17890625
0 0.92109375 0.5421875 0.15390625 0.14609375
0 0.30078125 0.44296875 0.25625 0.13359375
0 0.49609375 0.34765625 0.14609375 0.13125
0 0.26875 0.54921875 0.225 0.14296875
0 0.08828125 0.4453125 0.1765625 0.115625
0 0.76171875 0.525 0.08515625 0.1296875
0 0.08359375 0.5421875 0.16640625 0.109375
0 0.68203125 0.5453125 0.10625 0.12890625
0 0.36640625 0.3390625 0.12109375 0.11640625
0 0.08828125 0.33359375 0.1765625 0.1171875
0 0.64140625 0.54453125 0.55859375 0.19453125
0 0.7875 0.38046875 0.075 0.08828125
0 0.68125 0.3734375 0.0875 0.09296875
0 0.60078125 0.36484375 0.08125 0.0953125
0 0.23046875 0.340625 0.14375 0.10390625
0 0.35546875 0.22734375 0.23515625 0.16171875