0 0.49765625 0.396875 0.9953125 0.459375
0 0.09453125 0.55078125 0.1890625 0.1203125
0 0.29453125 0.44453125 0.21015625 0.11328125
0 0.09609375 0.44296875 0.19140625 0.109375
0 0.46875 0.3453125 0.17890625 0.1390625
0 0.290625 0.54296875 0.21015625 0.1
0 0.921875 0.55859375 0.15234375 0.11640625
0 0.93203125 0.4484375 0.13125 0.1234375
0 0.790625 0.34375 0.18984375 0.109375
0 0.93359375 0.33828125 0.12890625 0.11328125
0 0.09453125 0.2625 0.1890625 0.1
0 0.77109375 0.54140625 0.17109375 0.10625
0 0.47890625 0.54140625 0.17109375 0.0875
0 0.04375 0.33515625 0.0875 0.090625
0 0.7875 0.4484375 0.17890625 0.109375
0 0.48125 0.45546875 0.16640625 0.08828125
0 0.63046875 0.5296875 0.13984375 0.0921875