0 0.49765625 0.39921875 0.9953125 0.4640625
0 0.08125 0.54921875 0.1625 0.1203125
0 0.26953125 0.44453125 0.21015625 0.11328125
0 0.08203125 0.440625 0.1640625 0.10625
0 0.909375 0.5609375 0.17734375 0.11640625
0 0.265625 0.54375 0.21015625 0.1015625
0 0.91875 0.4515625 0.15390625 0.125
0 0.44609375 0.36953125 0.17890625 0.08828125
0 0.45625 0.54140625 0.17109375 0.0875
0 0.91640625 0.3453125 0.15390625 0.1
0 0.08125 0.26328125 0.1625 0.1
0 0.76484375 0.34375 0.19140625 0.10703125
0 0.746875 0.540625 0.17265625 0.1046875
0 0.45703125 0.45546875 0.16875 0.08828125
0 0.76171875 0.4484375 0.17734375 0.109375