0 0.49375 0.35703125 0.38359375 0.23828125
0 0.15078125 0.37734375 0.3015625 0.2046875
0 0.82734375 0.103125 0.27109375 0.17578125
0 0.83359375 0.53515625 0.32890625 0.16640625
0 0.4875 0.5375 0.36640625 0.16953125
0 0.153125 0.54375 0.30625 0.1625
0 0.55703125 0.11328125 0.25625 0.16484375
0 0.8375 0.359375 0.32109375 0.2265625
0 0.684375 0.23515625 0.35234375 0.15703125
0 0.49921875 0.321875 0.99375 0.60859375
0 0.328125 0.22890625 0.36015625 0.1984375
0 0.296875 0.08828125 0.26015625 0.14140625
0 0.08203125 0.21796875 0.1640625 0.1828125
0 0.08515625 0.10859375 0.1703125 0.1140625
0 0.925 0.22109375 0.14609375 0.15234375