0 0.62890625 0.38828125 0.73359375 0.36875
0 0.27734375 0.503125 0.19609375 0.10234375
0 0.08984375 0.51328125 0.17890625 0.0921875
0 0.52109375 0.259375 0.20390625 0.1109375
0 0.87578125 0.52265625 0.17265625 0.09296875
0 0.525 0.43046875 0.19609375 0.08984375
0 0.54140625 0.346875 0.2 0.09453125
0 0.96953125 0.51796875 0.05625 0.1203125
0 0.1875 0.4921875 0.375 0.1359375
0 0.35078125 0.41953125 0.17734375 0.0828125
0 0.53046875 0.50390625 0.22265625 0.096875
0 0.69140625 0.265625 0.15 0.10625
0 0.90078125 0.4390625 0.18984375 0.0875
0 0.70234375 0.4359375 0.1625 0.08359375
0 0.71015625 0.35 0.15390625 0.09453125
0 0.69375 0.5109375 0.15859375 0.07578125