0 0.49921875 0.36171875 0.99375 0.71796875
0 0.29921875 0.38515625 0.46015625 0.215625
0 0.08515625 0.6015625 0.1703125 0.24375
0 0.29296875 0.14765625 0.48515625 0.2890625
0 0.340625 0.54765625 0.43125 0.20625
0 0.053125 0.3859375 0.10625 0.225
0 0.96640625 0.30859375 0.0625 0.41640625
0 0.621875 0.37109375 0.21875 0.1765625
0 0.96796875 0.19453125 0.06015625 0.1890625
0 0.62265625 0.20703125 0.19609375 0.1640625
0 0.77890625 0.3640625 0.11640625 0.14375
0 0.29140625 0.0625 0.5828125 0.125
0 0.81328125 0.203125 0.23984375 0.1984375
0 0.63671875 0.515625 0.19375 0.15
0 0.96796875 0.34296875 0.06015625 0.1203125
0 0.03671875 0.20546875 0.07265625 0.17890625
0 0.88046875 0.3546875 0.10625 0.11875
0 0.96953125 0.45859375 0.05625 0.115625
0 0.78046875 0.48203125 0.11015625 0.1234375
0 0.87109375 0.4578125 0.1 0.11328125