0 0.49921875 0.36640625 0.99375 0.725
0 0.115625 0.6015625 0.23125 0.259375
0 0.34765625 0.38359375 0.45 0.21015625
0 0.35 0.15390625 0.46640625 0.2796875
0 0.084375 0.375 0.16875 0.26171875
0 0.96875 0.20078125 0.05859375 0.1828125
0 0.38671875 0.5375 0.41484375 0.20859375
0 0.06640625 0.2046875 0.1328125 0.178125
0 0.65625 0.37109375 0.19140625 0.17109375
0 0.834375 0.2015625 0.19765625 0.20078125
0 0.30625 0.06640625 0.60859375 0.13203125
0 0.14609375 0.06640625 0.2875 0.13203125
0 0.65859375 0.21171875 0.17109375 0.159375
0 0.96875 0.3453125 0.05859375 0.11640625
0 0.79453125 0.36171875 0.10625 0.1296875
0 0.753125 0.16171875 0.35234375 0.28046875
0 0.66953125 0.5078125 0.16875 0.15234375
0 0.96953125 0.45703125 0.05625 0.11171875
0 0.875 0.45625 0.09140625 0.10859375
0 0.88359375 0.3546875 0.09140625 0.11171875