0 0.4984375 0.3453125 0.99375 0.690625
0 0.34921875 0.53515625 0.42734375 0.21015625
0 0.89921875 0.13125 0.19765625 0.22734375
0 0.07890625 0.52578125 0.1578125 0.3140625
0 0.27734375 0.11953125 0.48359375 0.2390625
0 0.28046875 0.34453125 0.51015625 0.240625
0 0.64453125 0.12265625 0.35234375 0.2453125
0 0.65859375 0.32734375 0.30859375 0.1828125
0 0.66484375 0.49140625 0.2875 0.17109375
0 0.896875 0.45546875 0.19765625 0.15
0 0.89453125 0.31875 0.20234375 0.1625
0 0.05078125 0.3453125 0.1015625 0.228125
0 0.05 0.2296875 0.1 0.459375
0 0.671875 0.034375 0.38515625 0.06875