0 0.71328125 0.38828125 0.56484375 0.3609375
0 0.44140625 0.50234375 0.19140625 0.10625
0 0.09453125 0.521875 0.1890625 0.11875
0 0.25 0.51171875 0.19609375 0.0921875
0 0.26875 0.50234375 0.5375 0.1578125
0 0.70703125 0.3375 0.20625 0.11640625
0 0.69296875 0.26328125 0.20234375 0.1109375
0 0.68984375 0.43359375 0.2 0.08984375
0 0.871875 0.4390625 0.17265625 0.0859375
0 0.68515625 0.5109375 0.2125 0.1015625
0 0.515625 0.42265625 0.17265625 0.08125
0 0.065625 0.45 0.13125 0.05546875
0 0.28671875 0.4921875 0.31484375 0.13125