0 0.39921875 0.35625 0.58984375 0.3109375
0 0.23359375 0.16953125 0.45390625 0.234375
0 0.38203125 0.5890625 0.49765625 0.22734375
0 0.49921875 0.35390625 0.99375 0.70546875
0 0.80625 0.178125 0.37890625 0.2125
0 0.66328125 0.075 0.35234375 0.15
0 0.065625 0.38046875 0.13125 0.24140625
0 0.08359375 0.58046875 0.16640625 0.20546875
0 0.83359375 0.3515625 0.325 0.16015625
0 0.6625 0.5203125 0.14609375 0.19609375
0 0.85625 0.4765625 0.275 0.15078125
0 0.53515625 0.190625 0.17109375 0.11875
0 0.11015625 0.07578125 0.2203125 0.1515625
0 0.93046875 0.3421875 0.13515625 0.14296875
0 0.56875 0.33984375 0.25 0.240625
0 0.35703125 0.0671875 0.28984375 0.134375