0 0.24453125 0.68046875 0.4890625 0.2390625
0 0.684375 0.415625 0.42734375 0.303125
0 0.24140625 0.45546875 0.4828125 0.2890625
0 0.665625 0.640625 0.40625 0.20625
0 0.77734375 0.2609375 0.34140625 0.2125
0 0.496875 0.4046875 0.98984375 0.79921875
0 0.65 0.121875 0.25859375 0.140625
0 0.403125 0.2 0.42734375 0.3359375
0 0.10078125 0.21640625 0.2015625 0.2578125
0 0.11171875 0.090625 0.22265625 0.18125
0 0.91875 0.61875 0.15859375 0.16953125
0 0.91953125 0.5 0.15625 0.4078125
0 0.94296875 0.421875 0.11015625 0.2515625
0 0.36640625 0.0921875 0.30390625 0.125
0 0.96953125 0.25625 0.05625 0.08984375
0 0.440625 0.09921875 0.16484375 0.10390625