0 0.49921875 0.365625 0.99375 0.7265625
0 0.359375 0.15234375 0.46484375 0.27734375
0 0.11953125 0.59921875 0.2390625 0.2640625
0 0.340625 0.38359375 0.47734375 0.21015625
0 0.39375 0.53828125 0.4125 0.2015625
0 0.0875 0.3765625 0.175 0.2640625
0 0.07109375 0.203125 0.14140625 0.178125
0 0.96953125 0.2015625 0.05625 0.18125
0 0.18828125 0.06640625 0.36015625 0.13203125
0 0.66171875 0.3703125 0.18515625 0.16953125
0 0.83828125 0.21953125 0.18984375 0.16484375
0 0.52421875 0.0453125 0.17734375 0.090625
0 0.66328125 0.21171875 0.16875 0.15703125
0 0.675 0.50859375 0.17109375 0.1484375
0 0.796875 0.36171875 0.10234375 0.13359375
0 0.96875 0.3453125 0.05859375 0.11640625
0 0.88515625 0.353125 0.09140625 0.11171875
0 0.87734375 0.45546875 0.09140625 0.109375
0 0.97109375 0.45625 0.05390625 0.1109375
0 0.69453125 0.0875 0.19765625 0.13359375
0 0.6875 0.15546875 0.21640625 0.26875