0 0.49453125 0.40390625 0.98515625 0.50859375
0 0.54375 0.5515625 0.275 0.178125
0 0.94453125 0.5453125 0.10625 0.1453125
0 0.34609375 0.44609375 0.25390625 0.13125
0 0.315625 0.553125 0.22265625 0.125
0 0.80859375 0.53203125 0.08359375 0.1203125
0 0.12890625 0.33671875 0.19609375 0.11640625
0 0.72421875 0.5484375 0.10234375 0.12734375
0 0.54296875 0.3515625 0.14765625 0.125
0 0.83515625 0.38125 0.075 0.090625
0 0.28046875 0.325 0.14375 0.1359375
0 0.12421875 0.5421875 0.17734375 0.10625
0 0.41328125 0.34140625 0.11875 0.1140625
0 0.134375 0.446875 0.18125 0.11328125
0 0.69296875 0.54921875 0.58125 0.19921875