0 0.49921875 0.36796875 0.99375 0.73359375
0 0.40859375 0.534375 0.3875 0.203125
0 0.35546875 0.13984375 0.42734375 0.225
0 0.89921875 0.13125 0.19765625 0.25390625
0 0.35625 0.3546875 0.44609375 0.22734375
0 0.09609375 0.3578125 0.19140625 0.2515625
0 0.68046875 0.13125 0.31015625 0.25625
0 0.12421875 0.5359375 0.24765625 0.31484375
0 0.90078125 0.3265625 0.18984375 0.15078125
0 0.69609375 0.48671875 0.25390625 0.16953125
0 0.68828125 0.33828125 0.26875 0.1765625
0 0.07890625 0.12265625 0.1578125 0.2453125
0 0.903125 0.4578125 0.18515625 0.14296875
0 0.49921875 0.13125 0.98984375 0.26171875
0 0.3625 0.04453125 0.471875 0.0890625