0 0.49921875 0.37734375 0.99375 0.75234375
0 0.17890625 0.58203125 0.35390625 0.2515625
0 0.14765625 0.3734375 0.2953125 0.275
0 0.12890625 0.1953125 0.2578125 0.16875
0 0.4625 0.371875 0.42109375 0.19921875
0 0.503125 0.53359375 0.37265625 0.1640625
0 0.03984375 0.6421875 0.07890625 0.2296875
0 0.46953125 0.15390625 0.44765625 0.26796875
0 0.74296875 0.36171875 0.15625 0.1625
0 0.403125 0.065625 0.56875 0.13125
0 0.89296875 0.21640625 0.17265625 0.159375
0 0.75 0.49453125 0.14609375 0.140625
0 0.85078125 0.35234375 0.08515625 0.1234375
0 0.746875 0.2078125 0.13515625 0.15234375
0 0.92265625 0.346875 0.08359375 0.10859375
0 0.91328125 0.4453125 0.07734375 0.10234375
0 0.846875 0.46171875 0.07734375 0.1234375