0 0.49921875 0.359375 0.99375 0.715625
0 0.35234375 0.14140625 0.42890625 0.22421875
0 0.35234375 0.35546875 0.45 0.2296875
0 0.40625 0.5359375 0.39140625 0.2015625
0 0.075 0.12265625 0.15 0.2453125
0 0.11953125 0.53671875 0.2390625 0.3140625
0 0.903125 0.13515625 0.18984375 0.24609375
0 0.68828125 0.33984375 0.27734375 0.17890625
0 0.68203125 0.1296875 0.32734375 0.259375
0 0.09375 0.359375 0.1875 0.2484375
0 0.69609375 0.48984375 0.25390625 0.16640625
0 0.90390625 0.459375 0.18359375 0.14296875
0 0.903125 0.32578125 0.18515625 0.15
0 0.49921875 0.13125 0.98984375 0.26171875
0 0.35703125 0.04453125 0.47265625 0.08828125