0 0.33359375 0.5953125 0.52109375 0.23671875
0 0.30390625 0.36640625 0.525 0.29921875
0 0.4984375 0.35703125 0.99375 0.7140625
0 0.65859375 0.07109375 0.36640625 0.14140625
0 0.8 0.16953125 0.39140625 0.21953125
0 0.63203125 0.5234375 0.16875 0.203125
0 0.34453125 0.065625 0.29375 0.13125
0 0.825 0.35 0.34140625 0.16640625
0 0.51171875 0.190625 0.19375 0.13125
0 0.84765625 0.4828125 0.29609375 0.14765625
0 0.21328125 0.165625 0.4265625 0.234375
0 0.05703125 0.5796875 0.1140625 0.190625
0 0.60078125 0.3546875 0.14765625 0.215625
0 0.52578125 0.33671875 0.29765625 0.2515625
0 0.37734375 0.4578125 0.67890625 0.509375
0 0.03515625 0.3859375 0.0703125 0.225
0 0.10390625 0.034375 0.2078125 0.06875