0 0.48671875 0.46171875 0.53515625 0.30546875
0 0.86171875 0.47578125 0.27265625 0.35703125
0 0.44140625 0.69140625 0.49140625 0.25390625
0 0.83671875 0.7296875 0.32265625 0.28984375
0 0.49921875 0.4640625 0.99375 0.81953125
0 0.12578125 0.4953125 0.20234375 0.19140625
0 0.228125 0.3546875 0.45625 0.47421875
0 0.953125 0.11171875 0.08984375 0.1265625
0 0.04921875 0.19609375 0.09765625 0.14765625
0 0.8 0.26953125 0.39140625 0.25390625
0 0.51875 0.265625 0.21640625 0.17109375
0 0.04140625 0.490625 0.0828125 0.165625
0 0.75703125 0.12890625 0.31484375 0.159375
0 0.034375 0.3203125 0.06875 0.10234375
0 0.36171875 0.25 0.18515625 0.20546875
0 0.27421875 0.30859375 0.25625 0.12734375
0 0.07578125 0.3203125 0.1515625 0.103125
0 0.08203125 0.40546875 0.1640625 0.0796875
0 0.19296875 0.1984375 0.23984375 0.159375
0 0.08125 0.471875 0.1625 0.20546875
0 0.48671875 0.4796875 0.68984375 0.4859375