0 0.621875 0.41484375 0.42265625 0.3015625
0 0.215625 0.68125 0.43125 0.24296875
0 0.21171875 0.45625 0.42265625 0.2921875
0 0.603125 0.63984375 0.40234375 0.20625
0 0.88828125 0.61640625 0.21875 0.16640625
0 0.49921875 0.40703125 0.99375 0.79921875
0 0.58359375 0.121875 0.2625 0.140625
0 0.91171875 0.44453125 0.17265625 0.20078125
0 0.07890625 0.0890625 0.1578125 0.178125
0 0.71328125 0.25859375 0.33984375 0.2109375
0 0.06796875 0.2140625 0.13515625 0.26328125
0 0.33984375 0.19921875 0.425 0.3328125
0 0.93828125 0.26015625 0.11875 0.09296875
0 0.38515625 0.09765625 0.14140625 0.10234375
0 0.29921875 0.09765625 0.30234375 0.140625
0 0.40390625 0.246875 0.29609375 0.2390625