0 0.29609375 0.59453125 0.5375 0.24296875
0 0.19765625 0.1546875 0.3953125 0.246875
0 0.79296875 0.18359375 0.40625 0.18125
0 0.609375 0.52109375 0.18125 0.20546875
0 0.646875 0.06640625 0.38125 0.1328125
0 0.79453125 0.34609375 0.32734375 0.16875
0 0.328125 0.06171875 0.29765625 0.1234375
0 0.49921875 0.359375 0.99375 0.7171875
0 0.4875 0.18203125 0.2125 0.13359375
0 0.83828125 0.4796875 0.31484375 0.153125
0 0.26796875 0.35 0.53515625 0.33046875
0 0.0375 0.5765625 0.075 0.1859375
0 0.97109375 0.3390625 0.05390625 0.14765625
0 0.096875 0.04140625 0.19375 0.0828125
0 0.57734375 0.35 0.15390625 0.221875
0 0.50546875 0.334375 0.29765625 0.25390625