0 0.49921875 0.32421875 0.99375 0.6484375
0 0.52890625 0.10546875 0.4375 0.2109375
0 0.22421875 0.521875 0.44765625 0.22734375
0 0.54765625 0.2984375 0.38359375 0.20078125
0 0.83984375 0.28359375 0.25859375 0.178125
0 0.84609375 0.10390625 0.25859375 0.2078125
0 0.578125 0.4625 0.35234375 0.21328125
0 0.19921875 0.32421875 0.39765625 0.259375
0 0.85390625 0.4375 0.24609375 0.1578125
0 0.97109375 0.09296875 0.05390625 0.1859375
0 0.96953125 0.2765625 0.05625 0.1828125
0 0.1828125 0.109375 0.365625 0.21875
0 0.56328125 0.3859375 0.41015625 0.37109375
0 0.22734375 0.31875 0.45390625 0.634375
0 0.97734375 0.45078125 0.04140625 0.17578125