0 0.25546875 0.4015625 0.31015625 0.18515625
0 0.82890625 0.3859375 0.28359375 0.17578125
0 0.54921875 0.41015625 0.28515625 0.1578125
0 0.55234375 0.5328125 0.29609375 0.13125
0 0.25078125 0.54375 0.30625 0.134375
0 0.459375 0.18125 0.20625 0.1296875
0 0.89140625 0.2921875 0.2125 0.11640625
0 0.13671875 0.29609375 0.27265625 0.1484375
0 0.82265625 0.52265625 0.27109375 0.12265625
0 0.40078125 0.29296875 0.26484375 0.140625
0 0.246875 0.190625 0.21484375 0.11171875
0 0.659375 0.28984375 0.26484375 0.140625
0 0.871875 0.18359375 0.21015625 0.115625
0 0.06953125 0.18828125 0.1390625 0.1140625
0 0.66484375 0.18203125 0.20859375 0.10234375
0 0.05625 0.41796875 0.1125 0.16171875
0 0.05234375 0.553125 0.10390625 0.12734375