0 0.26015625 0.37734375 0.4875 0.2265625
0 0.0625 0.5953125 0.125 0.2390625
0 0.30546875 0.54140625 0.44375 0.221875
0 0.49921875 0.353125 0.99375 0.70625
0 0.25390625 0.14375 0.49609375 0.2828125
0 0.57734375 0.13984375 0.2625 0.2796875
0 0.97265625 0.1828125 0.05 0.20078125
0 0.59921875 0.3640625 0.24375 0.1828125
0 0.77109375 0.35703125 0.12890625 0.1453125
0 0.615625 0.5109375 0.21484375 0.159375
0 0.59609375 0.19375 0.20859375 0.171875
0 0.77265625 0.22265625 0.15390625 0.1359375
0 0.88828125 0.3453125 0.11875 0.12109375
0 0.89609375 0.2015625 0.10859375 0.17421875
0 0.02734375 0.41875 0.05390625 0.1296875
0 0.77421875 0.475 0.11875 0.134375
0 0.821875 0.1828125 0.24765625 0.2171875
0 0.87578125 0.453125 0.11015625 0.115625