0 0.49921875 0.33046875 0.99375 0.54375
0 0.328125 0.38125 0.33515625 0.18046875
0 0.65546875 0.359375 0.32265625 0.19140625
0 0.33046875 0.13125 0.22265625 0.1484375
0 0.11171875 0.1421875 0.22265625 0.12109375
0 0.78515625 0.12734375 0.24140625 0.1296875
0 0.47890625 0.24609375 0.30390625 0.16953125
0 0.340625 0.5203125 0.33515625 0.14375
0 0.896875 0.496875 0.20234375 0.12890625
0 0.18515625 0.2421875 0.30390625 0.17109375
0 0.55078125 0.1375 0.22265625 0.13125
0 0.0875 0.3703125 0.175 0.21484375
0 0.90390625 0.3625 0.1875 0.16171875
0 0.76953125 0.23671875 0.28984375 0.15703125
0 0.653125 0.50859375 0.30625 0.13671875
0 0.090625 0.5328125 0.18125 0.14140625
0 0.95078125 0.22265625 0.09375 0.15
0 0.49765625 0.1265625 0.11640625 0.109375
0 0.02109375 0.2421875 0.04140625 0.14296875