0 0.82265625 0.39140625 0.34609375 0.365625
0 0.66015625 0.509375 0.19140625 0.10390625
0 0.09609375 0.52734375 0.19140625 0.1109375
0 0.30234375 0.52734375 0.225 0.11328125
0 0.37890625 0.50546875 0.7578125 0.1546875
0 0.47421875 0.4984375 0.18515625 0.125
0 0.90546875 0.4390625 0.18515625 0.090625
0 0.9 0.52109375 0.19609375 0.0921875
0 0.7375 0.428125 0.175 0.0828125
0 0.91171875 0.35234375 0.16875 0.096875
0 0.90859375 0.26484375 0.17890625 0.11171875
0 0.49921875 0.396875 0.99375 0.3734375
0 0.77265625 0.29296875 0.11640625 0.08359375