0 0.5 0.41015625 0.99609375 0.43984375
0 0.11640625 0.44296875 0.2328125 0.1546875
0 0.22578125 0.25625 0.24375 0.14765625
0 0.115625 0.56875 0.23125 0.1140625
0 0.60390625 0.4484375 0.2375 0.14375
0 0.83515625 0.46484375 0.22890625 0.1015625
0 0.36171875 0.4484375 0.26015625 0.14765625
0 0.59765625 0.5671875 0.24140625 0.10859375
0 0.82578125 0.565625 0.23125 0.109375
0 0.48359375 0.275 0.15390625 0.1234375
0 0.35390625 0.56640625 0.25390625 0.115625
0 0.33515625 0.359375 0.22890625 0.09765625
0 0.553125 0.36328125 0.21015625 0.10390625
0 0.75546875 0.3703125 0.19765625 0.0875
0 0.54921875 0.26796875 0.89375 0.1578125