0 0.078125 0.59921875 0.15625 0.24296875
0 0.284375 0.38203125 0.47265625 0.21953125
0 0.49921875 0.35859375 0.99375 0.71484375
0 0.28046875 0.1453125 0.48515625 0.2890625
0 0.61484375 0.36953125 0.225 0.178125
0 0.96875 0.1890625 0.05859375 0.18984375
0 0.821875 0.19296875 0.22734375 0.20859375
0 0.04375 0.39453125 0.0875 0.196875
0 0.02734375 0.20234375 0.05390625 0.18046875
0 0.61328125 0.203125 0.20234375 0.1640625
0 0.775 0.36171875 0.11640625 0.14375
0 0.63125 0.5125 0.2 0.1546875
0 0.96953125 0.340625 0.05625 0.1203125
0 0.88125 0.35 0.10859375 0.11796875
0 0.328125 0.5203125 0.44375 0.26171875
0 0.97109375 0.45703125 0.05390625 0.11640625
0 0.871875 0.45546875 0.10234375 0.11171875
0 0.77734375 0.4796875 0.1125 0.125