0 0.51484375 0.41015625 0.9625 0.4390625
0 0.31328125 0.26328125 0.23984375 0.13125
0 0.18125 0.44375 0.275 0.15234375
0 0.17890625 0.56328125 0.275 0.11640625
0 0.1875 0.33671875 0.24140625 0.12890625
0 0.896875 0.5671875 0.20234375 0.11328125
0 0.68359375 0.56875 0.24609375 0.11171875
0 0.690625 0.44609375 0.24375 0.15078125
0 0.43828125 0.56484375 0.25234375 0.115625
0 0.90234375 0.4671875 0.19140625 0.1015625
0 0.92421875 0.30078125 0.14765625 0.08984375
0 0.63828125 0.3640625 0.21015625 0.1046875
0 0.84375 0.371875 0.2 0.090625
0 0.44609375 0.44609375 0.25859375 0.15234375
0 0.5375 0.26796875 0.21640625 0.140625
0 0.76640625 0.2828125 0.17109375 0.11875
0 0.421875 0.3609375 0.22734375 0.096875