0 0.49921875 0.40078125 0.99765625 0.46484375
0 0.075 0.54921875 0.15 0.1203125
0 0.25859375 0.44375 0.2125 0.1140625
0 0.07578125 0.4390625 0.1515625 0.109375
0 0.903125 0.56015625 0.18984375 0.1203125
0 0.9125 0.44921875 0.17109375 0.13203125
0 0.253125 0.54375 0.21484375 0.1015625
0 0.434375 0.36953125 0.18125 0.08828125
0 0.44375 0.54140625 0.17109375 0.0875
0 0.75390625 0.34296875 0.1875 0.10859375
0 0.44609375 0.45546875 0.17109375 0.08828125
0 0.075 0.2625 0.15 0.1
0 0.73515625 0.540625 0.17109375 0.1046875
0 0.75078125 0.4484375 0.17734375 0.1109375
0 0.91171875 0.34375 0.16875 0.10234375