0 0.28671875 0.446875 0.53515625 0.3015625
0 0.73984375 0.7078125 0.5125 0.28203125
0 0.76171875 0.4546875 0.46875 0.35703125
0 0.25078125 0.67578125 0.48515625 0.2453125
0 0.64140625 0.24765625 0.475 0.26875
0 0.84765625 0.121875 0.3 0.16171875
0 0.5 0.44609375 0.99140625 0.80625
0 0.34765625 0.25390625 0.1875 0.16953125
0 0.92890625 0.24609375 0.1375 0.21015625
0 0.56015625 0.11484375 0.29609375 0.14296875
0 0.10703125 0.27421875 0.2140625 0.1609375
0 0.028125 0.47265625 0.05625 0.2390625
0 0.17578125 0.21015625 0.18125 0.1484375
0 0.06640625 0.17265625 0.1328125 0.1453125
0 0.21328125 0.22109375 0.10625 0.11875