0 0.275 0.59609375 0.5375 0.24609375
0 0.18828125 0.1453125 0.3765625 0.24375
0 0.25703125 0.34765625 0.5140625 0.3359375
0 0.59453125 0.52265625 0.18515625 0.20859375
0 0.63515625 0.06484375 0.37890625 0.1296875
0 0.49921875 0.36015625 0.99375 0.7203125
0 0.475 0.17890625 0.21640625 0.134375
0 0.83203125 0.47734375 0.32734375 0.16171875
0 0.55546875 0.34921875 0.17265625 0.22421875
0 0.7875 0.15859375 0.41640625 0.22734375
0 0.31875 0.06171875 0.29609375 0.1234375
0 0.025 0.5875 0.05 0.159375
0 0.93046875 0.1546875 0.13515625 0.2203125
0 0.965625 0.3375 0.06484375 0.15234375
0 0.48671875 0.32578125 0.31015625 0.27109375
0 0.80703125 0.3421875 0.37265625 0.1734375