0 0.5 0.41015625 0.99609375 0.4390625
0 0.13828125 0.565625 0.2765625 0.115625
0 0.87265625 0.5671875 0.23359375 0.1109375
0 0.140625 0.4453125 0.27734375 0.15234375
0 0.64375 0.56875 0.24140625 0.109375
0 0.4 0.56640625 0.25390625 0.115625
0 0.64921875 0.44609375 0.23984375 0.15
0 0.88125 0.4671875 0.22890625 0.1
0 0.53046875 0.27578125 0.15234375 0.125
0 0.27421875 0.25859375 0.23984375 0.14609375
0 0.44609375 0.26171875 0.11640625 0.12734375
0 0.14609375 0.3375 0.24609375 0.12890625
0 0.38203125 0.36015625 0.22734375 0.09765625
0 0.40625 0.44921875 0.25859375 0.1484375
0 0.803125 0.371875 0.19765625 0.08828125
0 0.70625 0.2828125 0.20390625 0.1203125
0 0.57421875 0.26796875 0.84375 0.159375
0 0.59765625 0.365625 0.20859375 0.10625