0 0.49921875 0.3953125 0.99765625 0.4375
0 0.859375 0.51484375 0.21875 0.159375
0 0.575 0.41484375 0.20390625 0.11875
0 0.84296875 0.2484375 0.30625 0.153125
0 0.5375 0.51328125 0.15859375 0.0921875
0 0.68984375 0.503125 0.175 0.13828125
0 0.91953125 0.271875 0.15234375 0.1
0 0.18671875 0.4234375 0.20625 0.0921875
0 0.19921875 0.3265625 0.21484375 0.1203125
0 0.18203125 0.50390625 0.21015625 0.08359375
0 0.77890625 0.26015625 0.175 0.13125
0 0.36640625 0.42890625 0.1625 0.0859375
0 0.828125 0.3640625 0.16484375 0.0859375