0 0.15234375 0.68203125 0.30390625 0.24609375
0 0.48984375 0.4125 0.42109375 0.3015625
0 0.14609375 0.453125 0.29140625 0.2921875
0 0.475 0.63828125 0.4 0.20390625
0 0.58203125 0.25859375 0.33984375 0.21328125
0 0.45546875 0.121875 0.26015625 0.14765625
0 0.796875 0.61015625 0.28984375 0.1640625
0 0.49765625 0.4140625 0.99140625 0.78515625
0 0.21171875 0.203125 0.42265625 0.32578125
0 0.1625 0.0828125 0.31640625 0.13125
0 0.81796875 0.2625 0.13515625 0.090625
0 0.83203125 0.41796875 0.28125 0.24375
0 0.871875 0.35 0.24765625 0.27265625
0 0.24609375 0.09296875 0.15390625 0.10625
0 0.91015625 0.39296875 0.175 0.18515625
0 0.484375 0.421875 0.68515625 0.41640625