0 0.49921875 0.32421875 0.99375 0.57109375
0 0.82734375 0.1234375 0.26640625 0.16171875
0 0.209375 0.37890625 0.36875 0.19140625
0 0.57890625 0.35625 0.35859375 0.22890625
0 0.571875 0.1265625 0.23984375 0.15078125
0 0.21796875 0.53046875 0.36484375 0.1578125
0 0.86484375 0.5234375 0.26640625 0.15078125
0 0.56796875 0.52734375 0.34375 0.15546875
0 0.409375 0.23515625 0.33515625 0.1921875
0 0.73984375 0.23046875 0.325 0.178125
0 0.11875 0.121875 0.2375 0.12109375
0 0.33359375 0.11015625 0.2375 0.14765625
0 0.87109375 0.36953125 0.25390625 0.1921875
0 0.12578125 0.23203125 0.2515625 0.1671875
0 0.94453125 0.25390625 0.10625 0.1109375
0 0.02421875 0.525 0.04765625 0.1359375
0 0.021875 0.38828125 0.04375 0.1484375