0 0.49765625 0.39140625 0.9953125 0.4546875
0 0.66171875 0.44609375 0.19765625 0.109375
0 0.44921875 0.5453125 0.22265625 0.109375
0 0.45234375 0.44609375 0.22109375 0.1
0 0.21484375 0.55390625 0.25859375 0.1140625
0 0.215625 0.42578125 0.26015625 0.15546875
0 0.83671875 0.3734375 0.18125 0.08828125
0 0.37265625 0.35 0.2 0.090625
0 0.65625 0.5421875 0.2 0.09296875
0 0.159375 0.33984375 0.22734375 0.109375
0 0.84140625 0.54296875 0.175 0.08828125
0 0.84609375 0.45703125 0.175 0.08828125
0 0.08203125 0.2546875 0.1640625 0.109375