0 0.49765625 0.31875 0.99140625 0.63671875
0 0.21953125 0.50625 0.4390625 0.221875
0 0.19140625 0.3 0.3828125 0.26875
0 0.51875 0.09296875 0.44609375 0.1859375
0 0.53828125 0.27421875 0.39765625 0.20390625
0 0.834375 0.25859375 0.27265625 0.1859375
0 0.96953125 0.25 0.05625 0.19140625
0 0.57109375 0.4359375 0.37109375 0.22265625
0 0.83984375 0.08984375 0.25859375 0.17890625
0 0.17421875 0.09140625 0.34765625 0.1828125
0 0.85390625 0.415625 0.25 0.16171875
0 0.9703125 0.078125 0.053125 0.15625
0 0.84140625 0.24921875 0.27109375 0.4984375
0 0.53359375 0.2765625 0.475 0.553125
0 0.96796875 0.25859375 0.0578125 0.5171875
0 0.22109375 0.31015625 0.44140625 0.61796875
0 0.97734375 0.42734375 0.04140625 0.1734375