0 0.49921875 0.3953125 0.99765625 0.46328125
0 0.88203125 0.53125 0.22734375 0.178125
0 0.92109375 0.240625 0.15 0.16015625
0 0.40390625 0.41953125 0.20390625 0.109375
0 0.5125 0.50390625 0.15859375 0.13125
0 0.95078125 0.3546875 0.09375 0.1140625
0 0.66328125 0.51328125 0.16484375 0.153125
0 0.81796875 0.359375 0.19765625 0.10234375
0 0.04921875 0.24453125 0.09765625 0.10234375
0 0.603125 0.26328125 0.16875 0.1265625
0 0.65078125 0.3640625 0.15625 0.0875
0 0.36796875 0.51328125 0.16015625 0.0921875
0 0.7625 0.253125 0.19140625 0.1453125
0 0.06328125 0.32265625 0.1265625 0.1234375
0 0.18984375 0.428125 0.16640625 0.0875