0 0.83359375 0.52890625 0.15546875 0.10390625
0 0.53984375 0.53125 0.15546875 0.1015625
0 0.6875 0.52890625 0.14921875 0.1046875
0 0.3890625 0.53203125 0.153125 0.10546875
0 0.228125 0.5515625 0.17109375 0.07734375
0 0.30703125 0.35625 0.14453125 0.0953125
0 0.778125 0.41640625 0.13203125 0.0859375
0 0.45078125 0.35859375 0.1421875 0.09296875
0 0.646875 0.4234375 0.1375 0.0765625
0 0.38046875 0.428125 0.13671875 0.06640625
0 0.5140625 0.428125 0.13203125 0.0703125
0 0.22734375 0.48125 0.171875 0.21875
0 0.2265625 0.47109375 0.16875 0.1
0 0.70859375 0.359375 0.12109375 0.08828125
0 0.5875 0.36015625 0.134375 0.09375
0 0.23984375 0.415625 0.14453125 0.08828125
0 0.953125 0.48359375 0.08984375 0.0640625
0 0.88125 0.421875 0.07578125 0.07109375
0 0.9546875 0.415625 0.08671875 0.084375
0 0.3796875 0.484375 0.13984375 0.05546875
0 0.93046875 0.54140625 0.03984375 0.0515625
0 0.9765625 0.546875 0.04609375 0.05703125