0 0.43671875 0.34921875 0.45625 0.28046875
0 0.11171875 0.359375 0.22265625 0.26875
0 0.71953125 0.18671875 0.33125 0.1921875
0 0.596875 0.0828125 0.33125 0.16484375
0 0.12109375 0.56796875 0.24140625 0.2015625
0 0.9375 0.2203125 0.12109375 0.134375
0 0.44921875 0.55859375 0.45234375 0.20078125
0 0.45078125 0.33359375 0.9015625 0.6671875
0 0.76015625 0.346875 0.24609375 0.14375
0 0.9375 0.303125 0.12109375 0.29921875
0 0.78125 0.45703125 0.19140625 0.140625
0 0.93828125 0.40703125 0.11875 0.0875
0 0.940625 0.3265625 0.11484375 0.0875
0 0.25859375 0.1859375 0.39609375 0.21953125
0 0.28359375 0.0609375 0.3 0.11796875
0 0.071875 0.0734375 0.14375 0.146875
0 0.67109375 0.48984375 0.06640625 0.159375
0 0.484375 0.2078125 0.14375 0.12265625
0 0.03515625 0.18125 0.0703125 0.14375