0 0.49921875 0.3515625 0.99375 0.703125
0 0.24765625 0.37734375 0.49140625 0.22890625
0 0.24375 0.1421875 0.4875 0.27734375
0 0.053125 0.5953125 0.10625 0.23203125
0 0.290625 0.55625 0.45234375 0.19921875
0 0.59296875 0.3625 0.25625 0.1828125
0 0.975 0.17734375 0.04609375 0.19921875
0 0.77109375 0.35234375 0.13359375 0.14609375
0 0.61015625 0.51015625 0.22890625 0.16640625
0 0.59140625 0.190625 0.225 0.1734375
0 0.821875 0.17890625 0.25625 0.21953125
0 0.8875 0.34453125 0.11640625 0.12265625
0 0.77421875 0.47734375 0.12265625 0.13125
0 0.88046875 0.45078125 0.11484375 0.11640625