0 0.17265625 0.3953125 0.325 0.1984375
0 0.478125 0.40546875 0.29765625 0.1625
0 0.17109375 0.54453125 0.32109375 0.1390625
0 0.48359375 0.5328125 0.30390625 0.13359375
0 0.828125 0.171875 0.21484375 0.11796875
0 0.76875 0.37890625 0.29140625 0.18515625
0 0.403125 0.1734375 0.21015625 0.13671875
0 0.76484375 0.5203125 0.28359375 0.1265625
0 0.33046875 0.2734375 0.27734375 0.1671875
0 0.18828125 0.18125 0.21875 0.11796875
0 0.09921875 0.29453125 0.19765625 0.14375
0 0.59609375 0.28046875 0.275 0.1484375
0 0.61640625 0.17421875 0.22109375 0.1109375
0 0.03984375 0.1796875 0.07890625 0.11875
0 0.94375 0.5109375 0.10859375 0.11640625
0 0.853125 0.2859375 0.25625 0.11875
0 0.95390625 0.39140625 0.0875 0.13671875