0 0.49921875 0.353125 0.99375 0.70625
0 0.240625 0.3421875 0.48125 0.2484375
0 0.23203125 0.11640625 0.4640625 0.2328125
0 0.28515625 0.540625 0.4625 0.21796875
0 0.60390625 0.1390625 0.37890625 0.1984375
0 0.61796875 0.32421875 0.34375 0.1890625
0 0.88125 0.3140625 0.22890625 0.16640625
0 0.62734375 0.49140625 0.3125 0.178125
0 0.88359375 0.4578125 0.225 0.1546875
0 0.88046875 0.12109375 0.23515625 0.23671875
0 0.03828125 0.52265625 0.0765625 0.3078125
0 0.25390625 0.328125 0.50390625 0.6546875