0 0.496875 0.3140625 0.990625 0.628125
0 0.70234375 0.08515625 0.27890625 0.16953125
0 0.26015625 0.3421875 0.42109375 0.25703125
0 0.67109375 0.34375 0.40390625 0.23671875
0 0.67109375 0.52890625 0.40390625 0.178125
0 0.26953125 0.53515625 0.40234375 0.18359375
0 0.4125 0.08046875 0.284375 0.1609375
0 0.15 0.203125 0.3 0.2109375
0 0.14140625 0.071875 0.275 0.14375
0 0.48828125 0.18984375 0.38125 0.20546875
0 0.828125 0.1890625 0.30234375 0.17578125
0 0.90625 0.44375 0.10390625 0.12265625
0 0.978125 0.2296875 0.03984375 0.11328125
0 0.90859375 0.3390625 0.125 0.140625
0 0.82734375 0.30859375 0.2875 0.20390625
0 0.0375 0.5375 0.075 0.1640625
0 0.034375 0.3765625 0.06875 0.171875