0 0.80703125 0.49375 0.38125 0.3140625
0 0.79140625 0.73046875 0.4125 0.284375
0 0.49765625 0.3921875 0.99140625 0.49609375
0 0.10625 0.49609375 0.2125 0.159375
0 0.5125 0.51875 0.225 0.19140625
0 0.91171875 0.271875 0.17265625 0.14765625
0 0.31171875 0.50625 0.22734375 0.1734375
0 0.3625 0.2296875 0.22109375 0.15703125
0 0.23125 0.3390625 0.1875 0.10703125
0 0.64453125 0.3140625 0.24375 0.159375
0 0.87734375 0.234375 0.07890625 0.0765625
0 0.57890625 0.221875 0.23359375 0.15546875
0 0.16796875 0.234375 0.18984375 0.14375
0 0.04609375 0.234375 0.09140625 0.1234375
0 0.071875 0.3421875 0.14375 0.0953125
0 0.31484375 0.515625 0.625 0.20078125
0 0.43125 0.42890625 0.20390625 0.07578125
0 0.42421875 0.33359375 0.20625 0.125