0 0.425 0.359375 0.54140625 0.2921875
0 0.49921875 0.34765625 0.99375 0.6921875
0 0.41796875 0.58046875 0.48515625 0.2203125
0 0.26171875 0.1765625 0.44375 0.22890625
0 0.659375 0.0765625 0.37265625 0.153125
0 0.80234375 0.1859375 0.39140625 0.20859375
0 0.82578125 0.35 0.31484375 0.15703125
0 0.08828125 0.3765625 0.1765625 0.25
0 0.85078125 0.46171875 0.26015625 0.16640625
0 0.10234375 0.58203125 0.20390625 0.20625
0 0.34140625 0.0671875 0.29609375 0.134375
0 0.67578125 0.5125 0.11484375 0.18515625
0 0.53671875 0.19453125 0.14375 0.115625
0 0.10234375 0.13046875 0.20390625 0.2609375
0 0.10234375 0.05625 0.20390625 0.11171875