0 0.49765625 0.396875 0.9953125 0.4875
0 0.94921875 0.5546875 0.09765625 0.19453125
0 0.84609375 0.44921875 0.2625 0.13203125
0 0.13359375 0.44375 0.225 0.11640625
0 0.809375 0.56015625 0.23125 0.1203125
0 0.12890625 0.546875 0.225 0.1046875
0 0.115625 0.34765625 0.22265625 0.10390625
0 0.328125 0.54453125 0.17734375 0.090625
0 0.621875 0.54140625 0.16875 0.10390625
0 0.9125 0.3421875 0.1375 0.1109375
0 0.89375 0.228125 0.20859375 0.15
0 0.33046875 0.45625 0.17734375 0.08984375
0 0.6375 0.45078125 0.17109375 0.10625
0 0.63828125 0.34375 0.18515625 0.11171875
0 0.31875 0.36796875 0.1875 0.08984375
0 0.84453125 0.34375 0.26875 0.11171875
0 0.48359375 0.5296875 0.1375 0.090625