0 0.39609375 0.39296875 0.79140625 0.50859375
0 0.38359375 0.54453125 0.275 0.18046875
0 0.84453125 0.53359375 0.23515625 0.14765625
0 0.17890625 0.4390625 0.26640625 0.13359375
0 0.375 0.34375 0.14609375 0.12890625
0 0.14921875 0.55390625 0.23125 0.1203125
0 0.66875 0.37578125 0.075 0.090625
0 0.24609375 0.33359375 0.125 0.11796875
0 0.97109375 0.56171875 0.05390625 0.109375
0 0.64609375 0.51875 0.08359375 0.12734375
0 0.234375 0.22109375 0.24765625 0.1640625
0 0.56484375 0.36875 0.0875 0.08984375
0 0.72890625 0.50390625 0.1375 0.125
0 0.10703125 0.3203125 0.15234375 0.13359375
0 0.56171875 0.540625 0.10234375 0.1265625
0 0.48359375 0.359375 0.0875 0.096875