0 0.40859375 0.41015625 0.425 0.30078125
0 0.10390625 0.44921875 0.2078125 0.2921875
0 0.39375 0.6375 0.40390625 0.20390625
0 0.11015625 0.678125 0.2203125 0.24375
0 0.71484375 0.60703125 0.28359375 0.16015625
0 0.16875 0.19453125 0.3375 0.33515625
0 0.371875 0.11640625 0.26015625 0.14296875
0 0.75 0.43671875 0.27890625 0.196875
0 0.496875 0.40859375 0.98984375 0.79140625
0 0.49296875 0.25703125 0.33515625 0.2171875
0 0.82890625 0.3515625 0.33359375 0.2734375
0 0.73515625 0.26171875 0.1375 0.0921875
0 0.42578125 0.4234375 0.68515625 0.4125