0 0.49921875 0.4046875 0.99765625 0.490625
0 0.70625 0.5296875 0.225 0.16953125
0 0.50703125 0.51484375 0.19765625 0.15234375
0 0.34296875 0.50546875 0.16875 0.13125
0 0.22734375 0.4171875 0.2125 0.11640625
0 0.63828125 0.3609375 0.18984375 0.1015625
0 0.73125 0.25703125 0.14140625 0.1390625
0 0.89765625 0.56484375 0.2 0.1578125
0 0.475 0.36484375 0.15390625 0.09296875
0 0.58125 0.25703125 0.18359375 0.14375
0 0.13125 0.26171875 0.14140625 0.10625
0 0.18984375 0.515625 0.16640625 0.0921875
0 0.42265625 0.26640625 0.16640625 0.12734375
0 0.93671875 0.23515625 0.12265625 0.15703125
0 0.33359375 0.35234375 0.1375 0.1203125
0 0.83203125 0.35078125 0.22265625 0.12890625