0 0.15078125 0.53828125 0.28984375 0.1828125
0 0.60859375 0.521875 0.2125 0.14296875
0 0.43984375 0.3671875 0.075 0.090625
0 0.95625 0.56015625 0.08359375 0.10859375
0 0.13203125 0.334375 0.15625 0.12890625
0 0.240625 0.3796875 0.48125 0.46015625
0 0.05 0.221875 0.1 0.14140625
0 0.81015625 0.5296875 0.2125 0.1484375
0 0.5 0.5375 0.99609375 0.20078125
0 0.49921875 0.39609375 0.99375 0.49296875
0 0.24765625 0.35 0.0875 0.09453125
0 0.33515625 0.5328125 0.10390625 0.12734375
0 0.03125 0.3265625 0.0625 0.1203125
0 0.74921875 0.5296875 0.49375 0.1640625
0 0.42109375 0.5109375 0.08359375 0.13125
0 0.26640625 0.43125 0.40859375 0.0828125
0 0.33125 0.36015625 0.0875 0.090625