0 0.5 0.41015625 0.99609375 0.43984375
0 0.26953125 0.25703125 0.19375 0.14609375
0 0.375 0.56640625 0.25390625 0.115625
0 0.12734375 0.4625 0.25390625 0.11640625
0 0.61875 0.56796875 0.24140625 0.109375
0 0.125 0.56875 0.25 0.11328125
0 0.84609375 0.56640625 0.23359375 0.109375
0 0.38125 0.4484375 0.25859375 0.15078125
0 0.85546875 0.46640625 0.23125 0.10234375
0 0.50546875 0.27578125 0.15234375 0.12265625
0 0.62421875 0.44609375 0.23984375 0.15078125
0 0.18671875 0.2578125 0.12265625 0.11640625
0 0.57421875 0.36484375 0.21015625 0.1046875
0 0.35703125 0.3609375 0.22734375 0.096875
0 0.56171875 0.2671875 0.86875 0.159375
0 0.121875 0.33828125 0.24375 0.13203125
0 0.77578125 0.371875 0.19765625 0.08828125