0 0.49921875 0.32109375 0.99375 0.5609375
0 0.23984375 0.3734375 0.3625 0.1890625
0 0.809375 0.12265625 0.24765625 0.15546875
0 0.325 0.1109375 0.23359375 0.14609375
0 0.24765625 0.52265625 0.35859375 0.15546875
0 0.87109375 0.5109375 0.25390625 0.1453125
0 0.55859375 0.1265625 0.2375 0.14609375
0 0.58828125 0.51796875 0.33125 0.15078125
0 0.10546875 0.12109375 0.21015625 0.12265625
0 0.87734375 0.36328125 0.24140625 0.18359375
0 0.59765625 0.35 0.35 0.221875
0 0.13671875 0.22734375 0.27265625 0.1828125
0 0.03984375 0.528125 0.07890625 0.14375
0 0.0375 0.3875 0.075 0.15234375
0 0.74140625 0.2265625 0.3125 0.17421875
0 0.94453125 0.22578125 0.10625 0.14296875
0 0.425 0.2375 0.32109375 0.18046875