0 0.62578125 0.47109375 0.54765625 0.3125
0 0.86328125 0.2265625 0.26875 0.3515625
0 0.575 0.703125 0.5 0.26171875
0 0.90390625 0.740625 0.1875 0.2828125
0 0.49921875 0.46875 0.99375 0.82421875
0 0.93359375 0.5 0.12890625 0.30625
0 0.28984375 0.36328125 0.57890625 0.471875
0 0.67734375 0.28125 0.22890625 0.1640625
0 0.09765625 0.490625 0.1953125 0.18125
0 0.25546875 0.50234375 0.21015625 0.19140625
0 0.359375 0.30390625 0.18125 0.1484375
0 0.1125 0.20859375 0.225 0.16015625
0 0.32734375 0.2078125 0.24140625 0.1578125
0 0.16875 0.3171875 0.21640625 0.12734375
0 0.08203125 0.53125 0.1640625 0.1
0 0.17890625 0.41328125 0.2125 0.0765625
0 0.03359375 0.3234375 0.06640625 0.09765625