0 0.49921875 0.39296875 0.99375 0.784375
0 0.34140625 0.55625 0.27109375 0.23359375
0 0.58125 0.3609375 0.39140625 0.1890625
0 0.24375 0.1875 0.275 0.15078125
0 0.27265625 0.3625 0.3 0.25859375
0 0.128125 0.64296875 0.25625 0.28203125
0 0.61796875 0.515625 0.33515625 0.15
0 0.10625 0.3984375 0.2125 0.29453125
0 0.13671875 0.0796875 0.27265625 0.159375
0 0.50234375 0.06484375 0.5125 0.1296875
0 0.86171875 0.35 0.18125 0.159375
0 0.053125 0.14765625 0.10625 0.1671875
0 0.63125 0.18046875 0.5125 0.203125
0 0.93671875 0.19375 0.12265625 0.1875
0 0.96875 0.33515625 0.05859375 0.10234375
0 0.2375 0.49765625 0.475 0.56875
0 0.684375 0.31484375 0.61875 0.5609375
0 0.88125 0.4625 0.225 0.16484375