0 0.51640625 0.4078125 0.95859375 0.4375
0 0.19921875 0.440625 0.27265625 0.1546875
0 0.19453125 0.56171875 0.27265625 0.11640625
0 0.33046875 0.25625 0.23984375 0.1453125
0 0.69921875 0.5671875 0.24765625 0.1109375
0 0.45390625 0.5640625 0.25 0.1140625
0 0.90390625 0.56640625 0.1875 0.11328125
0 0.203125 0.33515625 0.24375 0.12890625
0 0.70546875 0.4453125 0.24375 0.15234375
0 0.553125 0.2671875 0.21875 0.140625
0 0.4625 0.44453125 0.25859375 0.15546875
0 0.93203125 0.29921875 0.13125 0.08984375
0 0.85859375 0.36953125 0.20390625 0.090625
0 0.653125 0.36171875 0.21015625 0.10390625
0 0.0375 0.421875 0.075 0.11796875
0 0.4375 0.36015625 0.225 0.09765625
0 0.91015625 0.4453125 0.175 0.14296875
0 0.76328125 0.28046875 0.21015625 0.1203125
0 0.034375 0.5515625 0.06875 0.11328125