0 0.46171875 0.3359375 0.92265625 0.66953125
0 0.425 0.34765625 0.48359375 0.28671875
0 0.43125 0.5625 0.4625 0.2078125
0 0.1 0.36015625 0.2 0.265625
0 0.73671875 0.184375 0.34765625 0.196875
0 0.61015625 0.0796875 0.34609375 0.159375
0 0.953125 0.21796875 0.08984375 0.13671875
0 0.1125 0.5671875 0.225 0.2078125
0 0.77109375 0.346875 0.26640625 0.14609375
0 0.79296875 0.459375 0.21015625 0.140625
0 0.95234375 0.3015625 0.09140625 0.30546875
0 0.290625 0.0609375 0.3 0.121875
0 0.95390625 0.325 0.0875 0.08828125
0 0.95390625 0.4078125 0.0875 0.08984375
0 0.30234375 0.17890625 0.51640625 0.22734375
0 0.665625 0.49453125 0.07734375 0.16640625
0 0.075 0.12578125 0.15 0.2515625