0 0.49921875 0.36171875 0.99375 0.721875
0 0.38203125 0.140625 0.38515625 0.21796875
0 0.43828125 0.52734375 0.36875 0.19921875
0 0.38828125 0.3515625 0.42265625 0.221875
0 0.69140625 0.13046875 0.2875 0.25625
0 0.90234375 0.13125 0.19140625 0.2546875
0 0.14375 0.57109375 0.2875 0.24375
0 0.90390625 0.32578125 0.18359375 0.15078125
0 0.11875 0.359375 0.2375 0.25390625
0 0.70234375 0.3375 0.24609375 0.17578125
0 0.103125 0.121875 0.20625 0.24375
0 0.70859375 0.484375 0.22890625 0.16171875
0 0.90390625 0.453125 0.17890625 0.13828125
0 0.5 0.13125 0.99140625 0.259375