0 0.32421875 0.3875 0.45234375 0.2109375
0 0.49921875 0.36484375 0.99375 0.7203125
0 0.32421875 0.153125 0.47265625 0.28515625
0 0.3625 0.55078125 0.42109375 0.19140625
0 0.06953125 0.3765625 0.1390625 0.259375
0 0.10078125 0.603125 0.2015625 0.25
0 0.63671875 0.3734375 0.20234375 0.1734375
0 0.96796875 0.2 0.06015625 0.1875
0 0.05234375 0.20546875 0.10390625 0.18046875
0 0.29765625 0.065625 0.5953125 0.13125
0 0.6375 0.2125 0.18359375 0.16015625
0 0.78671875 0.3640625 0.11015625 0.13203125
0 0.12890625 0.06484375 0.2578125 0.1296875
0 0.65078125 0.51328125 0.17734375 0.15
0 0.88125 0.35703125 0.10390625 0.11640625
0 0.96796875 0.3453125 0.06015625 0.11640625
0 0.96953125 0.459375 0.05625 0.1140625
0 0.87265625 0.45859375 0.09609375 0.10859375
0 0.78359375 0.4796875 0.10390625 0.12890625
0 0.82734375 0.19921875 0.21640625 0.2078125