0 0.25234375 0.42578125 0.50390625 0.35625
0 0.73125 0.67890625 0.52890625 0.2484375
0 0.74453125 0.46171875 0.50625 0.284375
0 0.23515625 0.690625 0.4703125 0.23125
0 0.86015625 0.2078125 0.275 0.32109375
0 0.50703125 0.2375 0.43984375 0.2609375
0 0.603125 0.09921875 0.30234375 0.18125
0 0.31484375 0.1015625 0.32109375 0.1578125
0 0.49921875 0.41015625 0.99375 0.796875
0 0.08125 0.08046875 0.1625 0.134375
0 0.14609375 0.2078125 0.29140625 0.25
0 0.871875 0.1 0.25234375 0.12890625
0 0.94921875 0.09765625 0.09765625 0.1109375
0 0.49921875 0.19140625 0.99765625 0.35625
0 0.80859375 0.09765625 0.125 0.125