0 0.49765625 0.3171875 0.99140625 0.634375
0 0.21875 0.5015625 0.4375 0.221875
0 0.53671875 0.2671875 0.40625 0.20859375
0 0.83984375 0.08671875 0.2625 0.1734375
0 0.51328125 0.0890625 0.44765625 0.178125
0 0.83359375 0.25078125 0.27109375 0.1875
0 0.18984375 0.29140625 0.37890625 0.27109375
0 0.56484375 0.43515625 0.36640625 0.2171875
0 0.96953125 0.24140625 0.05625 0.1921875
0 0.96875 0.0734375 0.05625 0.146875
0 0.225 0.30625 0.45 0.6125
0 0.17109375 0.08828125 0.34140625 0.1765625
0 0.853125 0.40859375 0.25234375 0.16171875
0 0.52734375 0.2796875 0.475 0.55859375
0 0.84140625 0.24609375 0.275 0.49140625