0 0.49921875 0.35703125 0.99375 0.7125
0 0.41171875 0.53359375 0.38515625 0.2015625
0 0.35625 0.140625 0.42109375 0.22421875
0 0.35859375 0.3546875 0.44609375 0.22734375
0 0.684375 0.13046875 0.31875 0.25859375
0 0.90625 0.12890625 0.18359375 0.25703125
0 0.1 0.35703125 0.2 0.25234375
0 0.90078125 0.3265625 0.18984375 0.15078125
0 0.08125 0.121875 0.1625 0.24375
0 0.69765625 0.48671875 0.24609375 0.16640625
0 0.68984375 0.33828125 0.26640625 0.1765625
0 0.90234375 0.4578125 0.1875 0.14140625
0 0.12421875 0.57265625 0.24765625 0.24140625
0 0.5 0.13046875 0.99140625 0.2609375
0 0.359375 0.04453125 0.471875 0.0890625