0 0.49921875 0.3578125 0.99375 0.71328125
0 0.27578125 0.37890625 0.48125 0.2203125
0 0.071875 0.59609375 0.14375 0.24375
0 0.26953125 0.1453125 0.49375 0.28515625
0 0.96953125 0.1859375 0.05625 0.19375
0 0.31640625 0.5421875 0.44609375 0.21796875
0 0.60859375 0.36640625 0.23359375 0.18046875
0 0.58984375 0.146875 0.24609375 0.275
0 0.625 0.51171875 0.20859375 0.15546875
0 0.77421875 0.36015625 0.12265625 0.14765625
0 0.60703125 0.2 0.20234375 0.16640625
0 0.021875 0.19921875 0.04375 0.17890625
0 0.03828125 0.39921875 0.0765625 0.1703125
0 0.82265625 0.18984375 0.22890625 0.21015625
0 0.88359375 0.3484375 0.1125 0.12109375
0 0.971875 0.45546875 0.05234375 0.11640625