0 0.425 0.353125 0.52109375 0.2984375
0 0.49296875 0.34375 0.98125 0.68515625
0 0.42421875 0.57578125 0.47734375 0.21484375
0 0.640625 0.07890625 0.38125 0.1578125
0 0.778125 0.18984375 0.37734375 0.1984375
0 0.09375 0.3734375 0.1875 0.25234375
0 0.80859375 0.35 0.30390625 0.15546875
0 0.83046875 0.4609375 0.23984375 0.1625
0 0.10625 0.578125 0.2125 0.20859375
0 0.32265625 0.065625 0.29609375 0.13125
0 0.31640625 0.17890625 0.55 0.22734375
0 0.67265625 0.50703125 0.1 0.1765625
0 0.0921875 0.12890625 0.184375 0.2578125