0 0.49765625 0.40234375 0.9953125 0.4984375
0 0.92265625 0.56953125 0.15 0.1625
0 0.79375 0.45078125 0.25859375 0.13203125
0 0.096875 0.44375 0.19375 0.11875
0 0.75859375 0.55859375 0.225 0.12265625
0 0.09453125 0.5484375 0.1890625 0.10625
0 0.27734375 0.54453125 0.17890625 0.090625
0 0.86015625 0.2328125 0.24140625 0.16171875
0 0.28046875 0.45625 0.18125 0.08984375
0 0.571875 0.5421875 0.16875 0.1046875
0 0.58515625 0.45078125 0.17109375 0.10625
0 0.58984375 0.3453125 0.18359375 0.11171875
0 0.26796875 0.36640625 0.18984375 0.09453125
0 0.0875 0.34765625 0.175 0.1046875
0 0.95859375 0.45390625 0.07890625 0.09921875
0 0.43203125 0.53125 0.13515625 0.090625
0 0.4375 0.4484375 0.1375 0.096875