0 0.49921875 0.390625 0.99375 0.44609375
0 0.1375 0.42421875 0.26640625 0.16015625
0 0.13671875 0.55546875 0.26484375 0.11328125
0 0.37734375 0.5453125 0.225 0.11171875
0 0.37890625 0.44609375 0.225 0.1
0 0.590625 0.44609375 0.19765625 0.10859375
0 0.76328125 0.37265625 0.18125 0.0875
0 0.58515625 0.540625 0.2 0.0953125
0 0.76953125 0.54140625 0.17265625 0.0875
0 0.296875 0.34765625 0.20625 0.0921875
0 0.55859375 0.33984375 0.2375 0.1359375
0 0.77421875 0.45703125 0.17265625 0.08828125
0 0.92734375 0.4484375 0.14140625 0.09765625
0 0.925 0.53203125 0.14140625 0.09453125