0 0.153125 0.415625 0.30625 0.40703125
0 0.76015625 0.52265625 0.225 0.153125
0 0.55 0.51875 0.2 0.14375
0 0.921875 0.53515625 0.15234375 0.09296875
0 0.171875 0.3578125 0.07734375 0.09296875
0 0.35234375 0.515625 0.20390625 0.140625
0 0.61953125 0.5203125 0.75234375 0.1578125
0 0.10546875 0.30859375 0.21015625 0.18984375
0 0.05390625 0.35234375 0.1 0.09296875
0 0.49921875 0.4203125 0.99375 0.4140625
0 0.10625 0.3546875 0.20859375 0.0953125
0 0.07265625 0.26875 0.1453125 0.1125
0 0.11953125 0.35625 0.04375 0.0828125
0 0.153125 0.50859375 0.10625 0.12734375
0 0.10390625 0.42890625 0.2078125 0.0734375
0 0.0625 0.5296875 0.12109375 0.134375
0 0.15625 0.5125 0.3125 0.1734375