0 0.42578125 0.3625 0.53125 0.284375
0 0.42109375 0.578125 0.48359375 0.21796875
0 0.49453125 0.34609375 0.98515625 0.68984375
0 0.63828125 0.0765625 0.33515625 0.153125
0 0.09140625 0.37578125 0.1828125 0.2515625
0 0.79375 0.18828125 0.3875 0.2015625
0 0.10546875 0.58046875 0.21015625 0.20859375
0 0.84375 0.4609375 0.25390625 0.1671875
0 0.2625 0.19375 0.44140625 0.19609375
0 0.81953125 0.3515625 0.31484375 0.15546875
0 0.334375 0.06640625 0.29765625 0.13203125
0 0.678125 0.5109375 0.10625 0.18046875
0 0.53359375 0.1953125 0.14140625 0.11171875
0 0.09765625 0.0546875 0.1953125 0.109375
0 0.09296875 0.1609375 0.18515625 0.19921875
0 0.43515625 0.4078125 0.70390625 0.4609375