0 0.49921875 0.40078125 0.99765625 0.44609375
0 0.915625 0.53125 0.16484375 0.178125
0 0.74765625 0.515625 0.2125 0.153125
0 0.884375 0.3546875 0.20234375 0.10859375
0 0.465625 0.41875 0.20625 0.10859375
0 0.57578125 0.5046875 0.16484375 0.1296875
0 0.95390625 0.24765625 0.0875 0.14140625
0 0.428125 0.5125 0.16015625 0.090625
0 0.096875 0.3234375 0.19375 0.12109375
0 0.71484375 0.365625 0.15859375 0.0828125
0 0.08203125 0.24140625 0.1640625 0.1109375
0 0.66875 0.26171875 0.16640625 0.125
0 0.56484375 0.35234375 0.15 0.11640625
0 0.25390625 0.428125 0.1625 0.08515625
0 0.08984375 0.42265625 0.17890625 0.0953125
0 0.26171875 0.33515625 0.15625 0.1109375
0 0.08828125 0.5046875 0.1765625 0.084375
0 0.25078125 0.50390625 0.15625 0.07421875
0 0.88984375 0.43671875 0.19140625 0.0765625
0 0.40859375 0.3390625 0.14140625 0.1