0 0.59453125 0.4359375 0.54765625 0.3546875
0 0.55234375 0.68828125 0.52890625 0.26328125
0 0.17421875 0.4359375 0.34765625 0.3078125
0 0.14765625 0.6796875 0.2953125 0.215625
0 0.821875 0.19609375 0.35234375 0.365625
0 0.90234375 0.6984375 0.19140625 0.259375
0 0.41484375 0.203125 0.49140625 0.33515625
0 0.92109375 0.4796875 0.15390625 0.28515625
0 0.49921875 0.42265625 0.99375 0.8125
0 0.64453125 0.11171875 0.31875 0.1484375
0 0.12578125 0.2359375 0.15234375 0.1625
0 0.88984375 0.090625 0.21640625 0.1578125
0 0.35859375 0.1 0.2875 0.13125
0 0.03203125 0.2125 0.0640625 0.115625