0 0.32265625 0.38671875 0.45390625 0.2125
0 0.49765625 0.36484375 0.99140625 0.7203125
0 0.321875 0.153125 0.47265625 0.28515625
0 0.36015625 0.54765625 0.425 0.19921875
0 0.06875 0.3765625 0.1375 0.259375
0 0.1 0.60390625 0.2 0.25
0 0.96796875 0.19921875 0.06015625 0.1859375
0 0.634375 0.3734375 0.20625 0.1734375
0 0.05 0.20546875 0.1 0.178125
0 0.12734375 0.06484375 0.25390625 0.1296875
0 0.64609375 0.21171875 0.19609375 0.16171875
0 0.64453125 0.15703125 0.28125 0.278125
0 0.78515625 0.3640625 0.10859375 0.1359375
0 0.65 0.51328125 0.17890625 0.15
0 0.878125 0.35625 0.11015625 0.11796875
0 0.86015625 0.19921875 0.1625 0.20546875
0 0.96796875 0.3453125 0.06015625 0.11640625
0 0.96953125 0.459375 0.05625 0.1140625
0 0.87265625 0.45859375 0.09609375 0.10859375
0 0.78359375 0.4796875 0.10859375 0.125