0 0.1375 0.40625 0.275 0.1640625
0 0.41171875 0.39453125 0.28515625 0.18046875
0 0.175 0.20234375 0.20859375 0.12890625
0 0.58125 0.18515625 0.20859375 0.125
0 0.68984375 0.4046875 0.27109375 0.15234375
0 0.37890625 0.19375 0.20859375 0.109375
0 0.07265625 0.2890625 0.1453125 0.121875
0 0.28359375 0.29453125 0.27890625 0.14375
0 0.40390625 0.53046875 0.28359375 0.12734375
0 0.93984375 0.1859375 0.11640625 0.115625
0 0.68828125 0.52265625 0.28515625 0.1234375
0 0.13203125 0.53984375 0.2640625 0.1234375
0 0.909375 0.38125 0.17734375 0.17578125
0 0.79375 0.28984375 0.25390625 0.1359375
0 0.54453125 0.29609375 0.25234375 0.1296875
0 0.90859375 0.5140625 0.17890625 0.1203125
0 0.784375 0.184375 0.20234375 0.1
0 0.95546875 0.28515625 0.08515625 0.11171875