0 0.559375 0.6734375 0.52265625 0.24296875
0 0.16328125 0.425 0.3265625 0.365625
0 0.571875 0.4578125 0.50625 0.28046875
0 0.49921875 0.41328125 0.99375 0.81015625
0 0.15 0.6953125 0.3 0.24140625
0 0.75859375 0.209375 0.42890625 0.3171875
0 0.89375 0.65390625 0.20859375 0.2203125
0 0.325 0.234375 0.44609375 0.2609375
0 0.42421875 0.09765625 0.30234375 0.18125
0 0.9 0.42578125 0.19609375 0.30859375
0 0.14375 0.16796875 0.2875 0.31484375
0 0.934375 0.10859375 0.12734375 0.125
0 0.053125 0.20859375 0.10625 0.2359375
0 0.78984375 0.1 0.15390625 0.1046875
0 0.71640625 0.096875 0.29609375 0.1203125
0 0.934375 0.1734375 0.12734375 0.2546875