0 0.49765625 0.40234375 0.99140625 0.5
0 0.58671875 0.5515625 0.27265625 0.18125
0 0.96796875 0.55859375 0.06015625 0.12109375
0 0.38984375 0.44765625 0.25 0.13125
0 0.88203125 0.38359375 0.07734375 0.0921875
0 0.35859375 0.55390625 0.22109375 0.1234375
0 0.58515625 0.346875 0.14609375 0.13671875
0 0.178125 0.33828125 0.18984375 0.115625
0 0.76875 0.55859375 0.10390625 0.1109375
0 0.721875 0.5484375 0.54375 0.19375
0 0.16953125 0.5421875 0.17265625 0.10625
0 0.45625 0.34453125 0.12109375 0.1109375
0 0.18125 0.4484375 0.17890625 0.11328125