0 0.14296875 0.40625 0.28515625 0.16171875
0 0.184375 0.20234375 0.20625 0.12890625
0 0.421875 0.39375 0.28515625 0.17890625
0 0.3875 0.19296875 0.20859375 0.109375
0 0.69765625 0.4046875 0.27109375 0.15078125
0 0.58828125 0.18359375 0.21015625 0.1234375
0 0.08046875 0.2875 0.16015625 0.1296875
0 0.29375 0.2921875 0.275 0.14609375
0 0.69609375 0.521875 0.28359375 0.1234375
0 0.41328125 0.5296875 0.28125 0.125
0 0.55390625 0.29296875 0.25 0.13359375
0 0.1375 0.5359375 0.275 0.12890625
0 0.80234375 0.28984375 0.25390625 0.1359375
0 0.94296875 0.18671875 0.11015625 0.11640625
0 0.91328125 0.38046875 0.16875 0.1734375
0 0.9125 0.51328125 0.17109375 0.11875
0 0.79296875 0.18515625 0.20234375 0.1015625
0 0.96015625 0.28515625 0.075 0.1109375