0 0.42265625 0.353125 0.55390625 0.30546875
0 0.49921875 0.34765625 0.99375 0.69375
0 0.25625 0.171875 0.44609375 0.2296875
0 0.4125 0.58125 0.49140625 0.221875
0 0.67265625 0.07421875 0.39140625 0.1484375
0 0.08515625 0.375 0.1703125 0.25
0 0.834375 0.35 0.32265625 0.15703125
0 0.1 0.5796875 0.2 0.2109375
0 0.80390625 0.18125 0.38359375 0.21015625
0 0.85703125 0.46484375 0.26484375 0.1640625
0 0.34765625 0.06875 0.3 0.13671875
0 0.67578125 0.51328125 0.12265625 0.1859375
0 0.10390625 0.1296875 0.2078125 0.259375
0 0.53671875 0.1921875 0.15625 0.115625
0 0.10390625 0.05546875 0.2078125 0.1109375