0 0.49765625 0.34140625 0.9953125 0.5359375
0 0.11875 0.378125 0.2375 0.21328125
0 0.38828125 0.3890625 0.32265625 0.17421875
0 0.70390625 0.36796875 0.31640625 0.18359375
0 0.12109375 0.53984375 0.24140625 0.140625
0 0.35234375 0.1453125 0.21640625 0.14375
0 0.12578125 0.15546875 0.24375 0.1203125
0 0.70234375 0.51171875 0.3 0.13203125
0 0.240625 0.25703125 0.29765625 0.16015625
0 0.80625 0.259375 0.27890625 0.12734375
0 0.39921875 0.525 0.32734375 0.14140625
0 0.91875 0.50234375 0.15859375 0.1203125
0 0.80546875 0.140625 0.22734375 0.12265625
0 0.92734375 0.3640625 0.14140625 0.16484375
0 0.57890625 0.15 0.23359375 0.125
0 0.04765625 0.2453125 0.0953125 0.1625
0 0.56875 0.265625 0.20859375 0.13828125