0 0.25703125 0.60078125 0.5140625 0.2515625
0 0.175 0.15 0.35 0.234375
0 0.778125 0.13984375 0.43515625 0.26328125
0 0.49921875 0.36484375 0.99375 0.72734375
0 0.571875 0.52578125 0.19375 0.2125
0 0.615625 0.0640625 0.38125 0.128125
0 0.24140625 0.34921875 0.4828125 0.3421875
0 0.771875 0.34453125 0.33515625 0.17421875
0 0.821875 0.4765625 0.34765625 0.16953125
0 0.45 0.178125 0.22890625 0.134375
0 0.3 0.06171875 0.30390625 0.1234375
0 0.52890625 0.34921875 0.18359375 0.22890625
0 0.959375 0.33515625 0.07734375 0.14609375
0 0.78046875 0.284375 0.43125 0.55625
0 0.9234375 0.0515625 0.146875 0.103125
0 0.95625 0.45546875 0.07890625 0.12734375
0 0.96640625 0.18125 0.0625 0.17109375
0 0.46171875 0.325 0.31875 0.27734375