0 0.21953125 0.3703125 0.4390625 0.240625
0 0.4984375 0.35 0.99375 0.7
0 0.23671875 0.5609375 0.46875 0.20625
0 0.21484375 0.134375 0.42890625 0.26640625
0 0.54921875 0.35546875 0.29375 0.19453125
0 0.55078125 0.17421875 0.26484375 0.1828125
0 0.57109375 0.50625 0.27109375 0.17578125
0 0.765625 0.34296875 0.16484375 0.1484375
0 0.76796875 0.475 0.14375 0.134375
0 0.89375 0.44609375 0.13359375 0.12265625
0 0.903125 0.33125 0.13984375 0.12734375
0 0.89140625 0.15859375 0.15390625 0.2296875
0 0.82109375 0.13828125 0.29609375 0.2734375
0 0.61171875 0.1359375 0.44765625 0.27109375