0 0.36796875 0.38671875 0.73125 0.49296875
0 0.39140625 0.54453125 0.27890625 0.17890625
0 0.85234375 0.53359375 0.2375 0.15
0 0.184375 0.4390625 0.26484375 0.1359375
0 0.67578125 0.37578125 0.07265625 0.090625
0 0.15546875 0.55546875 0.23125 0.11796875
0 0.525 0.5421875 0.55390625 0.203125
0 0.56953125 0.54140625 0.09765625 0.12734375
0 0.97421875 0.54296875 0.04765625 0.14765625
0 0.65234375 0.521875 0.08359375 0.12109375
0 0.25078125 0.33359375 0.12734375 0.1203125
0 0.115625 0.3109375 0.15625 0.15234375
0 0.38515625 0.34453125 0.14609375 0.12734375
0 0.509375 0.44296875 0.38984375 0.08359375
0 0.240625 0.22421875 0.24765625 0.15546875
0 0.73359375 0.50390625 0.14140625 0.1265625