0 0.5 0.41015625 0.99609375 0.43984375
0 0.13125 0.44609375 0.2625 0.15
0 0.85625 0.56640625 0.23359375 0.109375
0 0.13046875 0.56875 0.26015625 0.11328125
0 0.62734375 0.56875 0.24140625 0.109375
0 0.38359375 0.56640625 0.25390625 0.115625
0 0.63125 0.44609375 0.24140625 0.15078125
0 0.42578125 0.2609375 0.11015625 0.1265625
0 0.12890625 0.3375 0.24609375 0.13125
0 0.5125 0.27578125 0.15390625 0.125
0 0.390625 0.4484375 0.26015625 0.15078125
0 0.25625 0.2578125 0.24140625 0.14765625
0 0.89140625 0.2828125 0.20859375 0.12890625
0 0.68828125 0.2828125 0.20625 0.1203125
0 0.36640625 0.3609375 0.22890625 0.09921875
0 0.56484375 0.26796875 0.8625 0.159375
0 0.784375 0.37109375 0.19765625 0.0875
0 0.19140625 0.25859375 0.11640625 0.115625
0 0.58203125 0.3640625 0.21015625 0.10390625
0 0.86328125 0.453125 0.23515625 0.13203125