0 0.38515625 0.5140625 0.22109375 0.14375
0 0.79140625 0.52421875 0.22890625 0.1546875
0 0.16953125 0.4125 0.3390625 0.434375
0 0.58046875 0.51953125 0.20234375 0.1453125
0 0.92421875 0.515625 0.14765625 0.1359375
0 0.49921875 0.41484375 0.99375 0.4390625
0 0.121875 0.30390625 0.24375 0.20390625
0 0.20546875 0.359375 0.07265625 0.0921875
0 0.49921875 0.5203125 0.98984375 0.18046875
0 0.08828125 0.35234375 0.09375 0.09296875
0 0.03046875 0.5328125 0.06015625 0.18125
0 0.02890625 0.26171875 0.0578125 0.1015625
0 0.15 0.35703125 0.04609375 0.0828125
0 0.02421875 0.34453125 0.04765625 0.096875
0 0.09765625 0.5296875 0.1125 0.134375
0 0.18203125 0.50859375 0.10234375 0.1296875
0 0.171875 0.5234375 0.34375 0.19609375