0 0.88046875 0.5328125 0.19765625 0.0921875
0 0.29375 0.51328125 0.22109375 0.14296875
0 0.49453125 0.5171875 0.20234375 0.14296875
0 0.70234375 0.5203125 0.225 0.15234375
0 0.07890625 0.40859375 0.1578125 0.3765625
0 0.58671875 0.5171875 0.81015625 0.15703125
0 0.075 0.3140625 0.15 0.1765625
0 0.11171875 0.35625 0.07734375 0.0921875
0 0.15390625 0.49765625 0.20859375 0.1484375
0 0.07421875 0.42734375 0.14765625 0.0671875
0 0.49921875 0.4125 0.99375 0.38671875
0 0.21796875 0.44765625 0.08984375 0.0484375
0 0.05625 0.3546875 0.04609375 0.08046875
0 0.9875 0.534375 0.02109375 0.078125
0 0.040625 0.35 0.08125 0.09453125
0 0.04296875 0.271875 0.08515625 0.109375
0 0.09765625 0.5109375 0.1 0.12109375
0 0.03125 0.52734375 0.0625 0.1359375