0 0.49921875 0.38125 0.99375 0.7609375
0 0.15703125 0.37109375 0.3140625 0.2734375
0 0.48125 0.36953125 0.4125 0.196875
0 0.203125 0.5765625 0.33984375 0.24765625
0 0.13828125 0.19296875 0.2765625 0.1671875
0 0.51875 0.53125 0.3625 0.159375
0 0.05390625 0.640625 0.1078125 0.24375
0 0.75625 0.359375 0.15390625 0.159375
0 0.41640625 0.0640625 0.55859375 0.12734375
0 0.084375 0.0796875 0.16875 0.159375
0 0.759375 0.20625 0.12734375 0.15078125
0 0.759375 0.49140625 0.13984375 0.140625
0 0.93046875 0.3453125 0.08515625 0.10703125
0 0.90078125 0.215625 0.17265625 0.16015625
0 0.828125 0.16015625 0.31875 0.27265625
0 0.92109375 0.44296875 0.075 0.10234375
0 0.18671875 0.4984375 0.37265625 0.52109375
0 0.54375 0.1546875 0.55390625 0.26171875