0 0.49921875 0.325 0.99375 0.64765625
0 0.51953125 0.346875 0.43125 0.25234375
0 0.52734375 0.54453125 0.42890625 0.1875
0 0.15390625 0.35 0.3078125 0.265625
0 0.61171875 0.08046875 0.3046875 0.1609375
0 0.16171875 0.5484375 0.32265625 0.203125
0 0.73984375 0.18359375 0.3125 0.18515625
0 0.35078125 0.18046875 0.41875 0.221875
0 0.93984375 0.2234375 0.11640625 0.11875
0 0.08828125 0.07421875 0.1765625 0.1484375
0 0.07421875 0.18828125 0.14765625 0.18984375
0 0.80546875 0.44609375 0.15234375 0.13125
0 0.8 0.3390625 0.175 0.14296875
0 0.31953125 0.05234375 0.31015625 0.1046875
0 0.93984375 0.32109375 0.11640625 0.08515625
0 0.934375 0.4015625 0.12734375 0.08359375
0 0.97890625 0.140625 0.0375 0.078125
0 0.73671875 0.30703125 0.30234375 0.20625