0 0.49921875 0.40234375 0.99375 0.44921875
0 0.23125 0.44375 0.26640625 0.15078125
0 0.47890625 0.4390625 0.24140625 0.15078125
0 0.228125 0.56328125 0.26015625 0.11640625
0 0.475 0.5609375 0.24140625 0.10859375
0 0.90625 0.459375 0.18359375 0.10703125
0 0.7 0.55625 0.22109375 0.10859375
0 0.903125 0.55625 0.18984375 0.09765625
0 0.70625 0.4578125 0.22109375 0.09765625
0 0.42578125 0.3578125 0.21015625 0.10703125
0 0.05 0.4359375 0.1 0.16171875
0 0.10859375 0.26328125 0.2125 0.11171875
0 0.62734375 0.36328125 0.21328125 0.08671875
0 0.8828125 0.36484375 0.234375 0.08125
0 0.9140625 0.275 0.171875 0.0875
0 0.73203125 0.284375 0.19296875 0.1
0 0.53671875 0.271875 0.203125 0.1015625
0 0.3203125 0.2578125 0.24453125 0.11796875