0 0.71171875 0.44296875 0.56015625 0.359375
0 0.66484375 0.6984375 0.54140625 0.27265625
0 0.22890625 0.44375 0.4578125 0.29375
0 0.878125 0.22421875 0.23984375 0.32109375
0 0.20078125 0.68515625 0.4015625 0.2109375
0 0.76015625 0.11640625 0.32890625 0.153125
0 0.23828125 0.2421875 0.14765625 0.159375
0 0.53125 0.24453125 0.49140625 0.265625
0 0.49921875 0.43671875 0.99375 0.79375
0 0.959375 0.70546875 0.07734375 0.25234375
0 0.46640625 0.1078125 0.2875 0.1359375
0 0.08828125 0.23359375 0.1765625 0.2203125
0 0.06484375 0.190625 0.12890625 0.13125
0 0.946875 0.115625 0.10234375 0.10625
0 0.978125 0.48671875 0.03984375 0.20859375
0 0.49921875 0.209375 0.99375 0.340625