0 0.5 0.4078125 0.99609375 0.490625
0 0.88984375 0.5828125 0.21640625 0.12734375
0 0.69375 0.52890625 0.23359375 0.17109375
0 0.20859375 0.41484375 0.2125 0.1203125
0 0.49140625 0.51328125 0.2 0.15234375
0 0.75859375 0.24765625 0.22890625 0.1578125
0 0.61953125 0.36328125 0.18984375 0.09453125
0 0.56484375 0.25703125 0.1875 0.14375
0 0.409375 0.265625 0.17265625 0.12890625
0 0.32734375 0.50625 0.17109375 0.1296875
0 0.45859375 0.365625 0.15390625 0.08984375
0 0.17109375 0.515625 0.16640625 0.0921875
0 0.928125 0.24140625 0.13515625 0.14140625
0 0.81328125 0.35 0.21875 0.1296875