0 0.20703125 0.53984375 0.28515625 0.18046875
0 0.66484375 0.52421875 0.21640625 0.14296875
0 0.27578125 0.37890625 0.5515625 0.5046875
0 0.871875 0.5328125 0.21875 0.15078125
0 0.19375 0.3359375 0.15390625 0.12734375
0 0.49609375 0.36875 0.07109375 0.08984375
0 0.06171875 0.325 0.12265625 0.11875
0 0.06328125 0.43671875 0.1265625 0.1328125
0 0.084375 0.2078125 0.16875 0.17109375
0 0.30625 0.353125 0.09140625 0.09296875
0 0.47578125 0.5109375 0.08125 0.12890625
0 0.38828125 0.36171875 0.08515625 0.0921875
0 0.040625 0.559375 0.08125 0.11640625
0 0.34140625 0.52109375 0.20859375 0.153125
0 0.52421875 0.5359375 0.94375 0.19453125
0 0.44765625 0.36875 0.04140625 0.0765625
0 0.390625 0.5328125 0.10625 0.1296875
0 0.77578125 0.5296875 0.43984375 0.1578125
0 0.2625 0.2515625 0.20390625 0.14140625
0 0.41171875 0.2828125 0.12265625 0.1046875
0 0.98515625 0.56015625 0.025 0.0921875
0 0.19296875 0.43671875 0.12265625 0.08125