0 0.49921875 0.36640625 0.99375 0.72421875
0 0.33828125 0.3859375 0.45234375 0.21015625
0 0.109375 0.60234375 0.21875 0.2546875
0 0.33828125 0.1546875 0.46875 0.284375
0 0.37578125 0.5453125 0.41875 0.196875
0 0.07578125 0.37578125 0.1515625 0.2609375
0 0.96796875 0.20078125 0.06015625 0.18515625
0 0.30078125 0.065625 0.6015625 0.13125
0 0.059375 0.20625 0.11875 0.1765625
0 0.646875 0.371875 0.19765625 0.17109375
0 0.82734375 0.20546875 0.2 0.19609375
0 0.70859375 0.49765625 0.2625 0.1765625
0 0.78828125 0.3625 0.10625 0.13125
0 0.96796875 0.34609375 0.06015625 0.11640625
0 0.140625 0.06640625 0.28125 0.13203125
0 0.65 0.21171875 0.175 0.159375
0 0.88125 0.35546875 0.09140625 0.1140625
0 0.96875 0.4578125 0.05859375 0.11328125
0 0.87421875 0.4578125 0.08984375 0.109375
0 0.66953125 0.15625 0.23515625 0.27265625