0 0.49921875 0.36875 0.99375 0.73125
0 0.45 0.15546875 0.44609375 0.26875
0 0.11953125 0.19765625 0.2390625 0.1703125
0 0.44609375 0.37578125 0.425 0.19921875
0 0.16875 0.5875 0.3375 0.2546875
0 0.13828125 0.38046875 0.2765625 0.2703125
0 0.48671875 0.53125 0.38515625 0.18046875
0 0.73046875 0.36328125 0.16015625 0.16484375
0 0.38515625 0.06640625 0.57109375 0.13203125
0 0.88359375 0.21875 0.16640625 0.159375
0 0.72890625 0.2109375 0.14609375 0.15546875
0 0.02734375 0.6640625 0.05390625 0.16953125
0 0.778125 0.1609375 0.37265625 0.27265625
0 0.73515625 0.4984375 0.15 0.14296875
0 0.84375 0.3546875 0.0875 0.1296875
0 0.91328125 0.3484375 0.08984375 0.109375
0 0.98203125 0.225 0.03125 0.1234375