0 0.16171875 0.39765625 0.32265625 0.18984375
0 0.46640625 0.40390625 0.3 0.16640625
0 0.16171875 0.54375 0.31875 0.1390625
0 0.76171875 0.3765625 0.29375 0.1859375
0 0.47421875 0.53125 0.30625 0.1359375
0 0.396875 0.1703125 0.21015625 0.13828125
0 0.82265625 0.16953125 0.21640625 0.11875
0 0.18125 0.17890625 0.22109375 0.11796875
0 0.31953125 0.2765625 0.27734375 0.15703125
0 0.75703125 0.51953125 0.28125 0.1265625
0 0.09296875 0.28984375 0.18515625 0.14609375
0 0.846875 0.28203125 0.26015625 0.12265625
0 0.61171875 0.171875 0.22265625 0.11171875
0 0.5875 0.2765625 0.275 0.15234375
0 0.940625 0.50859375 0.11484375 0.11875
0 0.03671875 0.17734375 0.07265625 0.11640625
0 0.95 0.38984375 0.09609375 0.140625