0 0.49765625 0.4109375 0.9953125 0.50625
0 0.85234375 0.5625 0.2875 0.1890625
0 0.65703125 0.453125 0.25625 0.13125
0 0.62265625 0.56171875 0.22109375 0.11640625
0 0.12421875 0.34296875 0.20234375 0.14140625
0 0.89140625 0.45546875 0.2125 0.0921875
0 0.13515625 0.54765625 0.19140625 0.09296875
0 0.43828125 0.54375 0.16875 0.10625
0 0.13671875 0.4578125 0.18984375 0.0921875
0 0.45625 0.34609375 0.18359375 0.11171875
0 0.453125 0.45234375 0.17265625 0.10703125
0 0.29765625 0.53515625 0.14140625 0.09296875