0 0.49921875 0.353125 0.99375 0.70390625
0 0.10625 0.5359375 0.2125 0.31484375
0 0.32421875 0.13203125 0.45234375 0.23828125
0 0.3875 0.53828125 0.40390625 0.20390625
0 0.33046875 0.3546875 0.46484375 0.23125
0 0.90390625 0.13125 0.1875 0.24609375
0 0.68046875 0.33671875 0.28984375 0.178125
0 0.66875 0.13359375 0.32890625 0.2453125
0 0.05859375 0.12265625 0.11640625 0.2453125
0 0.90078125 0.32578125 0.19375 0.15703125
0 0.684375 0.49609375 0.26875 0.1625
0 0.90234375 0.46015625 0.1875 0.1453125
0 0.078125 0.3609375 0.15625 0.23125
0 0.4 0.040625 0.375 0.08125
0 0.83515625 0.05546875 0.325 0.1109375