0 0.13828125 0.68125 0.2765625 0.24375
0 0.13203125 0.4515625 0.2640625 0.29375
0 0.46484375 0.4125 0.42109375 0.30078125
0 0.44921875 0.63828125 0.40234375 0.20390625
0 0.49765625 0.4125 0.99140625 0.7890625
0 0.42265625 0.12109375 0.27109375 0.14765625
0 0.77109375 0.61015625 0.2875 0.16171875
0 0.19765625 0.2359375 0.3953125 0.259375
0 0.55390625 0.25859375 0.34140625 0.2125
0 0.15 0.0875 0.3 0.14140625
0 0.909375 0.2703125 0.11015625 0.07890625
0 0.85546875 0.33046875 0.11875 0.0609375
0 0.78984375 0.26328125 0.13359375 0.08984375
0 0.859375 0.26328125 0.27265625 0.096875
0 0.80703125 0.4171875 0.28125 0.24296875
0 0.85859375 0.35078125 0.275 0.27265625
0 0.47421875 0.45625 0.71015625 0.5