0 0.26171875 0.59765625 0.52265625 0.2546875
0 0.17890625 0.14609375 0.3578125 0.2453125
0 0.49921875 0.36328125 0.99375 0.7265625
0 0.78046875 0.140625 0.43125 0.2609375
0 0.57890625 0.525 0.1875 0.2109375
0 0.6203125 0.0640625 0.378125 0.128125
0 0.24609375 0.34921875 0.49140625 0.33984375
0 0.77578125 0.34453125 0.33125 0.171875
0 0.45703125 0.178125 0.22734375 0.13671875
0 0.825 0.475 0.34140625 0.16875
0 0.30625 0.06328125 0.3 0.1265625
0 0.53828125 0.35 0.18125 0.225
0 0.96171875 0.33671875 0.07265625 0.15
0 0.78359375 0.2828125 0.425 0.55546875
0 0.91875 0.153125 0.15390625 0.22421875
0 0.46796875 0.32578125 0.32265625 0.2734375
0 0.92421875 0.053125 0.14765625 0.10625
0 0.95859375 0.45546875 0.07890625 0.1296875
0 0.08359375 0.02421875 0.16640625 0.0484375