0 0.49765625 0.3203125 0.9953125 0.546875
0 0.15625 0.22890625 0.30859375 0.18125
0 0.63203125 0.35390625 0.33125 0.19609375
0 0.32265625 0.1203125 0.225 0.1484375
0 0.30703125 0.515625 0.34375 0.1484375
0 0.10703125 0.13671875 0.2140625 0.1359375
0 0.78359375 0.11875 0.25 0.134375
0 0.29453125 0.375 0.34375 0.18359375
0 0.75390625 0.24296875 0.29140625 0.13203125
0 0.54609375 0.13046875 0.22109375 0.140625
0 0.88671875 0.49609375 0.22265625 0.13203125
0 0.628125 0.50625 0.31484375 0.1390625
0 0.45703125 0.2390625 0.31015625 0.17109375
0 0.06875 0.3609375 0.1375 0.21484375
0 0.89296875 0.3515625 0.21015625 0.17890625
0 0.071875 0.52578125 0.14375 0.14140625
0 0.94609375 0.21171875 0.10390625 0.140625
0 0.715625 0.1078125 0.11875 0.109375