0 0.49765625 0.4015625 0.9953125 0.496875
0 0.9375 0.55625 0.12109375 0.18125
0 0.821875 0.44921875 0.26015625 0.1296875
0 0.11171875 0.44375 0.22265625 0.115625
0 0.78671875 0.55859375 0.23125 0.12109375
0 0.109375 0.546875 0.21875 0.10390625
0 0.29453125 0.3421875 0.18984375 0.14296875
0 0.30390625 0.5453125 0.17890625 0.09296875
0 0.61484375 0.3453125 0.1875 0.1109375
0 0.30703125 0.45625 0.17734375 0.08984375
0 0.10234375 0.35 0.20390625 0.1015625
0 0.59921875 0.5421875 0.16875 0.1046875
0 0.61328125 0.4515625 0.17265625 0.10625
0 0.821875 0.3453125 0.26875 0.10625
0 0.459375 0.53125 0.13515625 0.090625