0 0.26953125 0.5140625 0.21875 0.14140625
0 0.67734375 0.5484375 0.22109375 0.09453125
0 0.85625 0.53203125 0.19609375 0.0921875
0 0.49921875 0.51328125 0.99375 0.16640625
0 0.47109375 0.5171875 0.2 0.14296875
0 0.0625 0.33984375 0.125 0.20625
0 0.11640625 0.4203125 0.2328125 0.36875
0 0.11796875 0.5109375 0.23515625 0.171875
0 0.975 0.53046875 0.04609375 0.09453125
0 0.075 0.5046875 0.1 0.134375
0 0.06171875 0.35546875 0.12265625 0.0953125
0 0.6625 0.4765625 0.17890625 0.06875
0 0.03125 0.28125 0.0625 0.090625
0 0.028125 0.35390625 0.05625 0.08984375
0 0.06171875 0.41875 0.12265625 0.0515625
0 0.49921875 0.421875 0.99375 0.3703125
0 0.01953125 0.51484375 0.0390625 0.1546875
0 0.14375 0.490625 0.10859375 0.12734375