0 0.49921875 0.32265625 0.99375 0.590625
0 0.83515625 0.1125 0.275 0.17109375
0 0.17421875 0.3765625 0.34765625 0.196875
0 0.5375 0.3546875 0.375 0.2359375
0 0.85 0.5296875 0.29609375 0.16015625
0 0.17578125 0.53671875 0.3515625 0.1578125
0 0.52890625 0.5328125 0.35859375 0.1640625
0 0.85390625 0.36640625 0.2875 0.20546875
0 0.57265625 0.11328125 0.24140625 0.1484375
0 0.71796875 0.2265625 0.34375 0.17890625
0 0.32734375 0.10390625 0.24609375 0.153125
0 0.109375 0.11328125 0.21875 0.115625
0 0.37421875 0.23046875 0.34765625 0.1921875
0 0.10625 0.2140625 0.2125 0.1828125
0 0.93828125 0.225 0.11875 0.13359375