0 0.51875 0.40859375 0.95390625 0.4375
0 0.196875 0.440625 0.27265625 0.1546875
0 0.19296875 0.56171875 0.27265625 0.11640625
0 0.45234375 0.5640625 0.25 0.1140625
0 0.69609375 0.5671875 0.24609375 0.1109375
0 0.903125 0.56640625 0.18984375 0.11328125
0 0.703125 0.44453125 0.24375 0.153125
0 0.328125 0.26328125 0.23984375 0.13203125
0 0.58359375 0.27421875 0.15390625 0.1265625
0 0.909375 0.465625 0.17734375 0.1015625
0 0.93125 0.29921875 0.13359375 0.08984375
0 0.49765625 0.26015625 0.1125 0.1265625
0 0.85703125 0.3703125 0.20234375 0.08984375
0 0.65078125 0.3625 0.21015625 0.1046875
0 0.459375 0.44765625 0.25625 0.15
0 0.13125 0.33046875 0.1 0.11796875
0 0.0375 0.421875 0.075 0.11796875
0 0.43515625 0.359375 0.225 0.096875
0 0.76171875 0.28046875 0.21015625 0.1203125
0 0.20234375 0.3359375 0.24140625 0.12734375
0 0.03359375 0.553125 0.06640625 0.1109375