0 0.49921875 0.39296875 0.99765625 0.4515625
0 0.25546875 0.43125 0.25625 0.14609375
0 0.48359375 0.5453125 0.22109375 0.109375
0 0.48984375 0.44765625 0.21640625 0.1
0 0.06328125 0.56171875 0.1265625 0.1109375
0 0.69609375 0.446875 0.2 0.10859375
0 0.87109375 0.37421875 0.18359375 0.0859375
0 0.25234375 0.55390625 0.25390625 0.1140625
0 0.68984375 0.5421875 0.2 0.09453125
0 0.19921875 0.34296875 0.22734375 0.10859375
0 0.06796875 0.45078125 0.13515625 0.11796875
0 0.87734375 0.54453125 0.175 0.08984375
0 0.88125 0.4578125 0.175 0.08828125