0 0.52578125 0.46171875 0.53515625 0.3125
0 0.88046875 0.47734375 0.23515625 0.3546875
0 0.47734375 0.69375 0.49140625 0.25859375
0 0.85390625 0.734375 0.2875 0.28984375
0 0.24609375 0.35703125 0.49140625 0.47265625
0 0.49921875 0.46796875 0.99375 0.82109375
0 0.1625 0.49609375 0.20859375 0.19375
0 0.065625 0.1953125 0.13125 0.15234375
0 0.79140625 0.13203125 0.31640625 0.1625
0 0.81796875 0.26953125 0.36015625 0.25625
0 0.57421875 0.26953125 0.19375 0.1734375
0 0.25546875 0.31171875 0.15234375 0.12109375
0 0.09296875 0.32265625 0.18515625 0.1046875
0 0.22734375 0.2015625 0.24609375 0.16015625
0 0.09765625 0.4734375 0.1953125 0.20625
0 0.29453125 0.246875 0.38515625 0.2515625
0 0.09765625 0.40859375 0.1953125 0.0796875