0 0.49921875 0.4125 0.99765625 0.50859375
0 0.73046875 0.55859375 0.28125 0.18359375
0 0.50078125 0.55859375 0.21875 0.1234375
0 0.53515625 0.45234375 0.25 0.1265625
0 0.90234375 0.546875 0.13359375 0.153125
0 0.05078125 0.54921875 0.1015625 0.0953125
0 0.31640625 0.54375 0.17109375 0.10390625
0 0.328125 0.34453125 0.18984375 0.11328125
0 0.33125 0.45234375 0.17109375 0.109375
0 0.05078125 0.45546875 0.1015625 0.0953125
0 0.171875 0.53515625 0.14375 0.0953125
0 0.175 0.4484375 0.14609375 0.1015625