0 0.49921875 0.40078125 0.99765625 0.44609375
0 0.9125 0.53515625 0.17109375 0.1671875
0 0.95234375 0.2484375 0.09140625 0.140625
0 0.740625 0.51484375 0.20625 0.1546875
0 0.57265625 0.50390625 0.16640625 0.13125
0 0.46015625 0.41953125 0.2 0.10859375
0 0.42421875 0.51328125 0.16015625 0.090625
0 0.878125 0.359375 0.20234375 0.1
0 0.09375 0.3234375 0.1875 0.12109375
0 0.56875 0.36796875 0.13359375 0.08515625
0 0.07890625 0.24140625 0.1578125 0.1109375
0 0.70859375 0.36640625 0.15859375 0.08359375
0 0.24921875 0.428125 0.16484375 0.08515625
0 0.08671875 0.42265625 0.17265625 0.0953125
0 0.371875 0.26484375 0.13515625 0.10234375
0 0.78046875 0.259375 0.11015625 0.12734375
0 0.78046875 0.25078125 0.43125 0.14765625
0 0.24609375 0.50546875 0.15390625 0.07421875
0 0.88359375 0.43671875 0.1875 0.0765625
0 0.859375 0.24140625 0.11875 0.12734375
0 0.25703125 0.3359375 0.15625 0.10859375
0 0.09765625 0.496875 0.1953125 0.1