0 0.309375 0.59296875 0.53125 0.24296875
0 0.796875 0.16484375 0.40234375 0.22265625
0 0.646875 0.06796875 0.37265625 0.1359375
0 0.61796875 0.521875 0.17734375 0.20625
0 0.49921875 0.35859375 0.99375 0.71484375
0 0.81796875 0.34609375 0.35625 0.17109375
0 0.20546875 0.16171875 0.41015625 0.24765625
0 0.33515625 0.0640625 0.29609375 0.12734375
0 0.84140625 0.4796875 0.30859375 0.1546875
0 0.49609375 0.184375 0.20859375 0.13359375
0 0.27890625 0.36328125 0.5375 0.30390625
0 0.04375 0.57578125 0.0875 0.18984375
0 0.09921875 0.04453125 0.19765625 0.08828125
0 0.79765625 0.30625 0.39609375 0.50859375
0 0.51328125 0.334375 0.29765625 0.2484375
0 0.584375 0.35 0.15625 0.2203125
0 0.20625 0.34765625 0.4125 0.63125