0 0.49921875 0.39765625 0.99765625 0.4421875
0 0.253125 0.54765625 0.23515625 0.1140625
0 0.47265625 0.44609375 0.2 0.109375
0 0.25625 0.44453125 0.2375 0.10625
0 0.07109375 0.55859375 0.14140625 0.11328125
0 0.08828125 0.25546875 0.1765625 0.1078125
0 0.46796875 0.5421875 0.20234375 0.096875
0 0.07265625 0.44921875 0.1453125 0.1109375
0 0.934375 0.34375 0.12734375 0.11171875
0 0.16796875 0.3453125 0.21484375 0.0953125
0 0.64453125 0.3734375 0.17734375 0.0859375
0 0.65390625 0.45625 0.17109375 0.0875
0 0.65234375 0.54140625 0.17109375 0.0875
0 0.43828125 0.3421875 0.23984375 0.12890625