0 0.42890625 0.39765625 0.3125 0.17109375
0 0.140625 0.3875 0.28125 0.20625
0 0.734375 0.37109375 0.30625 0.1921875
0 0.140625 0.5453125 0.28125 0.13828125
0 0.43828125 0.5296875 0.31875 0.1390625
0 0.37421875 0.159375 0.21484375 0.14375
0 0.81171875 0.1578125 0.22734375 0.1234375
0 0.14765625 0.1671875 0.2375 0.1203125
0 0.73203125 0.5171875 0.28984375 0.12890625
0 0.5625 0.225 0.2875 0.24375
0 0.82734375 0.27265625 0.26640625 0.1234375
0 0.28125 0.26796875 0.29140625 0.159375
0 0.07109375 0.25859375 0.14140625 0.15703125
0 0.93984375 0.37578125 0.11640625 0.159375
0 0.93125 0.5078125 0.13359375 0.11875
0 0.58125 0.1671875 0.24609375 0.1296875
0 0.95390625 0.2359375 0.0875 0.1296875