0 0.49921875 0.36640625 0.99375 0.72265625
0 0.13515625 0.59921875 0.2703125 0.2609375
0 0.384375 0.38203125 0.44375 0.20546875
0 0.38984375 0.15625 0.4625 0.27734375
0 0.10390625 0.3796875 0.2078125 0.271875
0 0.42265625 0.53125 0.4 0.20625
0 0.08671875 0.20234375 0.17265625 0.17578125
0 0.97265625 0.2015625 0.05 0.17890625
0 0.684375 0.36875 0.17734375 0.1671875
0 0.33125 0.06640625 0.596875 0.1328125
0 0.85625 0.21484375 0.1875 0.17578125
0 0.74453125 0.1625 0.41015625 0.2796875
0 0.703125 0.1578125 0.19375 0.26875
0 0.68984375 0.2125 0.15859375 0.159375
0 0.734375 0.49375 0.23984375 0.16953125
0 0.8125 0.36015625 0.09609375 0.13125
0 0.884375 0.4546875 0.08515625 0.10703125
0 0.89140625 0.35234375 0.09140625 0.11328125