0 0.17578125 0.4 0.29765625 0.1578125
0 0.45859375 0.390625 0.27890625 0.17421875
0 0.16640625 0.525 0.29140625 0.13125
0 0.72890625 0.4 0.26640625 0.14609375
0 0.33359375 0.2921875 0.26640625 0.1390625
0 0.62109375 0.1828125 0.20859375 0.12265625
0 0.22109375 0.20078125 0.2 0.12734375
0 0.11015625 0.2875 0.17890625 0.1203125
0 0.42109375 0.19140625 0.20390625 0.109375
0 0.44921875 0.521875 0.27265625 0.1234375
0 0.72578125 0.51484375 0.28125 0.12109375
0 0.83125 0.28828125 0.25 0.13125
0 0.5875 0.290625 0.24609375 0.13125
0 0.928125 0.3765625 0.13984375 0.1734375
0 0.92578125 0.50703125 0.14375 0.11796875
0 0.95703125 0.1828125 0.08125 0.11328125
0 0.77109375 0.18046875 0.10390625 0.09453125
0 0.83671875 0.18359375 0.16015625 0.09921875
0 0.971875 0.2796875 0.05234375 0.1015625