0 0.49765625 0.41328125 0.9953125 0.5109375
0 0.86796875 0.56796875 0.25625 0.1921875
0 0.69140625 0.453125 0.25859375 0.13125
0 0.65546875 0.5625 0.22265625 0.11796875
0 0.471875 0.54296875 0.16484375 0.1046875
0 0.89765625 0.3484375 0.15859375 0.1453125
0 0.17109375 0.5484375 0.1875 0.09453125
0 0.159375 0.3671875 0.19765625 0.09296875
0 0.48828125 0.346875 0.18515625 0.1109375
0 0.17421875 0.4578125 0.18515625 0.0921875
0 0.75703125 0.23671875 0.23984375 0.16015625
0 0.4875 0.4515625 0.17109375 0.10859375
0 0.90859375 0.45546875 0.17890625 0.090625
0 0.315625 0.359375 0.11875 0.09296875
0 0.03984375 0.54921875 0.07890625 0.10703125
0 0.33359375 0.53515625 0.14140625 0.09296875
0 0.3375 0.4484375 0.14140625 0.0953125