0 0.16953125 0.34921875 0.3390625 0.2640625
0 0.546875 0.33828125 0.42265625 0.26640625
0 0.55390625 0.53984375 0.425 0.1890625
0 0.496875 0.3234375 0.98984375 0.6453125
0 0.62734375 0.08125 0.3 0.1625
0 0.17578125 0.54609375 0.3515625 0.1984375
0 0.759375 0.18359375 0.31484375 0.18359375
0 0.94921875 0.19609375 0.09765625 0.1734375
0 0.384375 0.18046875 0.43125 0.21953125
0 0.0875 0.1890625 0.175 0.1890625
0 0.82265625 0.446875 0.14140625 0.12734375
0 0.82265625 0.3390625 0.15859375 0.140625
0 0.33515625 0.05859375 0.30390625 0.11640625
0 0.09296875 0.075 0.18515625 0.15
0 0.94609375 0.321875 0.10390625 0.0828125
0 0.06640625 0.0828125 0.1328125 0.1
0 0.940625 0.40234375 0.11484375 0.0828125
0 0.75390625 0.30703125 0.3 0.20390625