0 0.49375 0.6734375 0.52109375 0.240625
0 0.86640625 0.4203125 0.2625 0.3125
0 0.13046875 0.42421875 0.26015625 0.3703125
0 0.50390625 0.45625 0.50390625 0.28046875
0 0.49921875 0.4125 0.99375 0.80859375
0 0.86171875 0.65 0.27265625 0.215625
0 0.11796875 0.69609375 0.23515625 0.240625
0 0.35625 0.0953125 0.30390625 0.18125
0 0.25390625 0.23671875 0.45390625 0.25234375
0 0.896875 0.128125 0.19765625 0.16171875
0 0.10859375 0.09453125 0.21640625 0.153125
0 0.690625 0.246875 0.42734375 0.2515625
0 0.72265625 0.1 0.15859375 0.10390625
0 0.65078125 0.09609375 0.29765625 0.11875
0 0.94453125 0.24453125 0.10625 0.16640625