0 0.42265625 0.56953125 0.475 0.2125
0 0.421875 0.35 0.50625 0.29453125
0 0.48671875 0.340625 0.97265625 0.67890625
0 0.25703125 0.1765625 0.43515625 0.2265625
0 0.09609375 0.36796875 0.19140625 0.25703125
0 0.10703125 0.57265625 0.2140625 0.2078125
0 0.75859375 0.1859375 0.36640625 0.20390625
0 0.79296875 0.3484375 0.28984375 0.15
0 0.62421875 0.078125 0.3671875 0.15625
0 0.8125 0.45859375 0.22890625 0.1578125
0 0.309375 0.06484375 0.29375 0.1296875
0 0.971875 0.2203125 0.05234375 0.1359375
0 0.08515625 0.12734375 0.1703125 0.2546875
0 0.66875 0.5015625 0.09140625 0.1734375
0 0.97109375 0.36875 0.05390625 0.1765625
0 0.51640625 0.1953125 0.125 0.10703125