0 0.49921875 0.32421875 0.99375 0.5828125
0 0.184375 0.37890625 0.36875 0.19609375
0 0.834375 0.11875 0.27265625 0.16640625
0 0.18828125 0.53359375 0.36875 0.16171875
0 0.55546875 0.35546875 0.36875 0.234375
0 0.85625 0.5296875 0.28359375 0.15546875
0 0.54609375 0.53125 0.35 0.16171875
0 0.33671875 0.1109375 0.23984375 0.1578125
0 0.728125 0.22734375 0.33515625 0.18359375
0 0.575 0.1234375 0.2375 0.1546875
0 0.115625 0.2203125 0.23125 0.18046875
0 0.11328125 0.11328125 0.2265625 0.1078125
0 0.86171875 0.36875 0.27265625 0.203125
0 0.94140625 0.23046875 0.1125 0.1359375
0 0.51796875 0.10234375 0.12734375 0.109375
0 0.390625 0.22734375 0.34375 0.20546875