0 0.49921875 0.36484375 0.99375 0.725
0 0.44375 0.1546875 0.44609375 0.2703125
0 0.440625 0.37734375 0.42734375 0.20078125
0 0.134375 0.3796875 0.26875 0.278125
0 0.16484375 0.58984375 0.32890625 0.2546875
0 0.47734375 0.53984375 0.37890625 0.1671875
0 0.115625 0.19921875 0.23125 0.171875
0 0.38125 0.06640625 0.575 0.13203125
0 0.72578125 0.365625 0.16015625 0.1625
0 0.72734375 0.21171875 0.14609375 0.1546875
0 0.98125 0.221875 0.03359375 0.1296875
0 0.73203125 0.49921875 0.15234375 0.14296875
0 0.83984375 0.35625 0.09140625 0.125
0 0.87734375 0.203125 0.17109375 0.19375
0 0.02109375 0.67578125 0.04140625 0.14140625