0 0.5 0.39765625 0.99609375 0.43984375
0 0.84140625 0.51484375 0.21640625 0.159375
0 0.55859375 0.41484375 0.2 0.11875
0 0.671875 0.50078125 0.17734375 0.140625
0 0.834375 0.2484375 0.32265625 0.153125
0 0.96484375 0.5390625 0.06640625 0.14375
0 0.51953125 0.5125 0.16015625 0.090625
0 0.93984375 0.353125 0.11640625 0.109375
0 0.76015625 0.2609375 0.175 0.1296875
0 0.809375 0.36171875 0.16484375 0.090625
0 0.165625 0.42265625 0.21015625 0.09296875
0 0.153125 0.246875 0.21015625 0.1140625
0 0.18046875 0.3328125 0.21484375 0.109375
0 0.16328125 0.50390625 0.21015625 0.08515625
0 0.346875 0.4296875 0.16015625 0.08359375