0 0.67109375 0.390625 0.65 0.36875
0 0.35859375 0.50546875 0.19609375 0.09765625
0 0.04921875 0.52265625 0.09765625 0.11640625
0 0.16953125 0.51171875 0.18515625 0.08984375
0 0.934375 0.52734375 0.12734375 0.09921875
0 0.60546875 0.43203125 0.19765625 0.08828125
0 0.228125 0.503125 0.45625 0.15703125
0 0.62265625 0.3359375 0.2 0.1203125
0 0.603125 0.26171875 0.20234375 0.11328125
0 0.59921875 0.51015625 0.20234375 0.0859375
0 0.78359375 0.43671875 0.16640625 0.08359375
0 0.19921875 0.446875 0.32265625 0.046875
0 0.79453125 0.34765625 0.15625 0.10234375
0 0.77421875 0.51484375 0.16015625 0.07890625