0 0.49921875 0.4078125 0.99765625 0.49609375
0 0.74609375 0.559375 0.28359375 0.1828125
0 0.55078125 0.453125 0.25234375 0.12890625
0 0.515625 0.5625 0.21875 0.115625
0 0.91875 0.54921875 0.13359375 0.153125
0 0.34453125 0.34453125 0.18515625 0.11328125
0 0.05859375 0.54921875 0.11640625 0.096875
0 0.33203125 0.54375 0.16875 0.10625
0 0.05859375 0.45703125 0.11640625 0.09296875
0 0.34453125 0.45078125 0.17265625 0.109375
0 0.05390625 0.365625 0.1078125 0.09375
0 0.17890625 0.35546875 0.15 0.0953125
0 0.18671875 0.53515625 0.14375 0.09453125
0 0.18828125 0.45 0.14375 0.09765625