0 0.4875 0.51875 0.2125 0.1390625
0 0.084375 0.54375 0.16875 0.171875
0 0.6875 0.52421875 0.20390625 0.1453125
0 0.178125 0.32421875 0.35625 0.2828125
0 0.68984375 0.525 0.6125 0.16171875
0 0.89140625 0.52890625 0.20859375 0.15703125
0 0.49921875 0.4125 0.99375 0.471875
0 0.31640625 0.3625 0.075 0.09296875
0 0.21015625 0.5296875 0.1125 0.13125
0 0.49765625 0.53671875 0.9953125 0.2109375
0 0.225 0.53125 0.45 0.20390625
0 0.08671875 0.29765625 0.17265625 0.196875
0 0.20703125 0.35546875 0.09375 0.09296875
0 0.21953125 0.41015625 0.4390625 0.4703125
0 0.29921875 0.51015625 0.08515625 0.12890625
0 0.04453125 0.30078125 0.0890625 0.1890625