0 0.73671875 0.7078125 0.51875 0.284375
0 0.278125 0.44296875 0.53515625 0.31015625
0 0.75859375 0.45 0.47890625 0.3640625
0 0.24453125 0.67421875 0.48515625 0.24609375
0 0.83984375 0.12109375 0.3125 0.16015625
0 0.628125 0.2515625 0.48515625 0.26171875
0 0.49921875 0.4453125 0.99375 0.80546875
0 0.925 0.24296875 0.14609375 0.21484375
0 0.12890625 0.22734375 0.2578125 0.2546875
0 0.34296875 0.253125 0.18515625 0.16875
0 0.55234375 0.1140625 0.2875 0.140625
0 0.16796875 0.2046875 0.18125 0.15
0 0.06328125 0.17109375 0.1265625 0.1453125
0 0.20546875 0.2203125 0.10625 0.11640625
0 0.02421875 0.47265625 0.04765625 0.24296875
0 0.49765625 0.2078125 0.9953125 0.334375
0 0.10234375 0.296875 0.20390625 0.11640625