0 0.49921875 0.32109375 0.99375 0.55859375
0 0.24375 0.3734375 0.35859375 0.1890625
0 0.80625 0.1234375 0.25 0.1546875
0 0.325 0.11171875 0.22890625 0.14765625
0 0.60078125 0.35 0.34765625 0.221875
0 0.25234375 0.521875 0.35859375 0.1546875
0 0.87265625 0.5109375 0.25 0.14375
0 0.11015625 0.1203125 0.2203125 0.121875
0 0.59140625 0.51640625 0.32890625 0.15078125
0 0.878125 0.3625 0.23984375 0.1828125
0 0.55625 0.125 0.23359375 0.14375
0 0.428125 0.23828125 0.32265625 0.17890625
0 0.94453125 0.22734375 0.10625 0.14765625
0 0.03984375 0.38515625 0.07890625 0.15703125
0 0.1375 0.225 0.275 0.18125
0 0.04296875 0.52734375 0.08515625 0.14296875
0 0.74296875 0.22734375 0.31015625 0.17421875