0 0.84453125 0.49921875 0.30625 0.31953125
0 0.49453125 0.38984375 0.9890625 0.4859375
0 0.82734375 0.73046875 0.34140625 0.29140625
0 0.384375 0.5109375 0.23515625 0.171875
0 0.58359375 0.5234375 0.22890625 0.19375
0 0.68125 0.3234375 0.17890625 0.15078125
0 0.17578125 0.50078125 0.21015625 0.15703125
0 0.95078125 0.27109375 0.09375 0.14609375
0 0.434375 0.234375 0.21875 0.15546875
0 0.303125 0.34375 0.18515625 0.1046875
0 0.046875 0.49140625 0.09375 0.1453125
0 0.240625 0.23984375 0.18515625 0.14296875
0 0.64375 0.22734375 0.24140625 0.16015625
0 0.95546875 0.2375 0.08515625 0.07890625
0 0.134375 0.346875 0.16484375 0.096875
0 0.46171875 0.3390625 0.14375 0.1234375