0 0.49921875 0.32578125 0.99375 0.578125
0 0.83359375 0.12109375 0.27109375 0.16484375
0 0.859375 0.52890625 0.27734375 0.1546875
0 0.19765625 0.53359375 0.36640625 0.159375
0 0.11875 0.18671875 0.2375 0.2515625
0 0.73203125 0.23046875 0.33515625 0.18046875
0 0.3375 0.109375 0.24140625 0.15078125
0 0.56328125 0.359375 0.36484375 0.22890625
0 0.86484375 0.36953125 0.26640625 0.2015625
0 0.57734375 0.12578125 0.2375 0.1546875
0 0.190625 0.38046875 0.37265625 0.19453125
0 0.553125 0.53046875 0.34765625 0.16015625
0 0.115625 0.12421875 0.23125 0.1265625
0 0.39765625 0.23828125 0.34140625 0.1859375
0 0.94296875 0.2484375 0.11015625 0.10390625