0 0.49765625 0.39765625 0.9953125 0.4421875
0 0.078125 0.55859375 0.15625 0.11328125
0 0.26640625 0.546875 0.23359375 0.115625
0 0.26640625 0.4453125 0.2375 0.1046875
0 0.08046875 0.45 0.16015625 0.11171875
0 0.09453125 0.2453125 0.1890625 0.13125
0 0.65703125 0.3734375 0.17734375 0.0859375
0 0.48671875 0.44609375 0.19765625 0.109375
0 0.48046875 0.5421875 0.20234375 0.09765625
0 0.66328125 0.5421875 0.16875 0.08828125
0 0.18203125 0.3453125 0.21484375 0.0953125
0 0.28515625 0.25390625 0.2 0.1390625
0 0.45078125 0.34140625 0.23984375 0.13125
0 0.66640625 0.45703125 0.16640625 0.08828125
0 0.49765625 0.25 0.99140625 0.15078125