0 0.49921875 0.35234375 0.99375 0.70390625
0 0.215625 0.36953125 0.43125 0.24140625
0 0.20625 0.13203125 0.4125 0.26171875
0 0.23125 0.55859375 0.4625 0.21015625
0 0.53828125 0.35390625 0.30234375 0.19609375
0 0.56640625 0.51015625 0.27109375 0.16875
0 0.540625 0.16953125 0.27265625 0.1859375
0 0.76171875 0.3421875 0.16875 0.1546875
0 0.90546875 0.32890625 0.14375 0.1296875
0 0.76640625 0.475 0.14609375 0.13359375
0 0.98203125 0.303125 0.03125 0.3703125
0 0.81875 0.15703125 0.3125 0.23125
0 0.89609375 0.44453125 0.13359375 0.12265625