0 0.52734375 0.4078125 0.94140625 0.4375
0 0.20546875 0.4390625 0.27265625 0.1546875
0 0.203125 0.5609375 0.27265625 0.11640625
0 0.46171875 0.56328125 0.25234375 0.1140625
0 0.70546875 0.56640625 0.24765625 0.11171875
0 0.7125 0.44375 0.24609375 0.15234375
0 0.90859375 0.56484375 0.17890625 0.11328125
0 0.46875 0.4421875 0.25859375 0.1578125
0 0.76953125 0.28984375 0.21015625 0.09921875
0 0.21015625 0.33515625 0.24140625 0.12734375
0 0.3375 0.25625 0.2375 0.14609375
0 0.13984375 0.3296875 0.1 0.11875
0 0.66015625 0.36171875 0.2125 0.10625
0 0.865625 0.36875 0.20234375 0.08984375
0 0.56171875 0.265625 0.21875 0.140625
0 0.44375 0.359375 0.225 0.09765625
0 0.03984375 0.42109375 0.07890625 0.115625
0 0.93515625 0.2984375 0.125 0.08984375
0 0.9125 0.44453125 0.17109375 0.14375
0 0.0375 0.5515625 0.075 0.11171875