0 0.60546875 0.4734375 0.54375 0.303125
0 0.853125 0.2265625 0.28984375 0.3515625
0 0.89296875 0.73984375 0.21015625 0.28671875
0 0.553125 0.70390625 0.49765625 0.2546875
0 0.49921875 0.46796875 0.99375 0.828125
0 0.23515625 0.5015625 0.20859375 0.19140625
0 0.64765625 0.27265625 0.2125 0.16640625
0 0.278125 0.36015625 0.55625 0.46796875
0 0.090625 0.49140625 0.18125 0.18046875
0 0.92109375 0.49453125 0.15390625 0.3171875
0 0.10078125 0.2078125 0.2015625 0.1625
0 0.340625 0.3015625 0.18125 0.15078125
0 0.05390625 0.21484375 0.1078125 0.1453125
0 0.30859375 0.20546875 0.24140625 0.1578125
0 0.15703125 0.4125 0.21484375 0.078125
0 0.46640625 0.2296875 0.175 0.14765625
0 0.14921875 0.315625 0.21484375 0.12890625