0 0.49765625 0.4015625 0.9953125 0.49375
0 0.11484375 0.44375 0.225 0.11640625
0 0.11171875 0.546875 0.22265625 0.1046875
0 0.790625 0.559375 0.23125 0.11875
0 0.828125 0.45 0.26015625 0.12890625
0 0.31171875 0.54453125 0.17734375 0.0921875
0 0.30078125 0.34375 0.18984375 0.140625
0 0.31328125 0.45625 0.17734375 0.08984375
0 0.621875 0.3453125 0.18125 0.11171875
0 0.10546875 0.35 0.21015625 0.10234375
0 0.60390625 0.5421875 0.16640625 0.1046875
0 0.61796875 0.45078125 0.16875 0.1046875
0 0.940625 0.56953125 0.11484375 0.15078125