0 0.51015625 0.46328125 0.5375 0.30390625
0 0.846875 0.734375 0.30234375 0.2890625
0 0.87265625 0.4765625 0.25 0.35859375
0 0.23828125 0.35546875 0.4765625 0.4734375
0 0.46328125 0.69296875 0.49375 0.25625
0 0.49921875 0.4671875 0.99375 0.8171875
0 0.14765625 0.49609375 0.20859375 0.1921875
0 0.81015625 0.26953125 0.375 0.25390625
0 0.5375 0.265625 0.2125 0.16640625
0 0.77890625 0.13046875 0.31640625 0.159375
0 0.059375 0.196875 0.11875 0.153125
0 0.05234375 0.49140625 0.10390625 0.171875
0 0.96015625 0.121875 0.075 0.10703125
0 0.04765625 0.31015625 0.0953125 0.1265625
0 0.25625 0.30546875 0.17890625 0.13671875
0 0.25703125 0.20078125 0.33125 0.16171875
0 0.09140625 0.40859375 0.1828125 0.0796875
0 0.090625 0.47421875 0.18125 0.2078125