0 0.32265625 0.35 0.40859375 0.24765625
0 0.73671875 0.08671875 0.27734375 0.1734375
0 0.72109375 0.5328125 0.39609375 0.1734375
0 0.72890625 0.3546875 0.40859375 0.225
0 0.33046875 0.5375 0.38984375 0.18125
0 0.178125 0.21171875 0.35625 0.2109375
0 0.540625 0.203125 0.37265625 0.19375
0 0.86015625 0.19921875 0.275 0.171875
0 0.45390625 0.08828125 0.28359375 0.171875
0 0.1875 0.07265625 0.26640625 0.1453125
0 0.49921875 0.31640625 0.99375 0.63125
0 0.06953125 0.54453125 0.1390625 0.1734375
0 0.065625 0.3796875 0.13125 0.1890625
0 0.94609375 0.45078125 0.07890625 0.11796875
0 0.95234375 0.34453125 0.0875 0.13203125
0 0.03828125 0.09609375 0.0765625 0.1296875