0 0.26875 0.35625 0.5375 0.3609375
0 0.20078125 0.61640625 0.4015625 0.2703125
0 0.49921875 0.3765625 0.99375 0.7515625
0 0.69296875 0.34609375 0.35625 0.1828125
0 0.475 0.53671875 0.225 0.221875
0 0.12109375 0.140625 0.24140625 0.203125
0 0.72421875 0.15 0.48125 0.240625
0 0.35859375 0.17578125 0.2625 0.14140625
0 0.540625 0.0609375 0.3875 0.121875
0 0.96484375 0.18203125 0.06640625 0.1828125
0 0.2125 0.06640625 0.32109375 0.13203125
0 0.62578125 0.1765625 0.28125 0.18984375
0 0.72265625 0.49375 0.30859375 0.1546875
0 0.92890625 0.3390625 0.13359375 0.1546875
0 0.859375 0.14765625 0.20625 0.234375
0 0.38984375 0.3484375 0.29609375 0.2515625
0 0.92734375 0.453125 0.1375 0.14765625
0 0.74296875 0.29921875 0.50625 0.5484375