0 0.47421875 0.46171875 0.53125 0.303125
0 0.85390625 0.475 0.2875 0.35625
0 0.82890625 0.7296875 0.3375 0.2890625
0 0.42734375 0.69609375 0.49140625 0.24140625
0 0.49921875 0.46171875 0.99375 0.821875
0 0.1125 0.49375 0.20390625 0.19375
0 0.74375 0.128125 0.3125 0.15703125
0 0.79375 0.26875 0.40859375 0.25
0 0.946875 0.109375 0.10234375 0.1265625
0 0.52734375 0.26796875 0.2125 0.17421875
0 0.221875 0.3546875 0.44375 0.475
0 0.04140625 0.1890625 0.0828125 0.1375
0 0.22421875 0.29609375 0.18515625 0.15078125
0 0.18046875 0.196875 0.23984375 0.16015625
0 0.06953125 0.30703125 0.1390625 0.1265625
0 0.03828125 0.48828125 0.0765625 0.1640625
0 0.075 0.4078125 0.15 0.08125
0 0.24375 0.24375 0.38359375 0.25234375
0 0.03203125 0.30703125 0.0640625 0.1265625