0 0.24375 0.603125 0.4875 0.265625
0 0.1625 0.153125 0.325 0.23359375
0 0.49921875 0.36875 0.99375 0.73671875
0 0.228125 0.35234375 0.45625 0.346875
0 0.55234375 0.5296875 0.19609375 0.21484375
0 0.75078125 0.3453125 0.33984375 0.178125
0 0.596875 0.0640625 0.378125 0.128125
0 0.74609375 0.13828125 0.40859375 0.265625
0 0.4 0.328125 0.40859375 0.2796875
0 0.43046875 0.178125 0.23515625 0.13671875
0 0.28125 0.0640625 0.3 0.128125
0 0.95390625 0.33359375 0.0875 0.1484375
0 0.96015625 0.17421875 0.075 0.18125
0 0.50546875 0.35234375 0.19375 0.22890625
0 0.953125 0.45234375 0.08984375 0.13828125
0 0.321875 0.45546875 0.63984375 0.553125
0 0.81484375 0.47421875 0.3625 0.17890625
0 0.93671875 0.1515625 0.11875 0.22734375