0 0.49921875 0.3765625 0.99375 0.7515625
0 0.17578125 0.58359375 0.34765625 0.25
0 0.46484375 0.15390625 0.44140625 0.265625
0 0.146875 0.37890625 0.29375 0.26796875
0 0.12734375 0.19609375 0.25390625 0.16875
0 0.46015625 0.3734375 0.42109375 0.19921875
0 0.5 0.53515625 0.375 0.1625
0 0.740625 0.3625 0.15625 0.16171875
0 0.0375 0.6421875 0.075 0.225
0 0.40078125 0.065625 0.56875 0.13125
0 0.74140625 0.20859375 0.14140625 0.153125
0 0.72890625 0.1546875 0.18359375 0.2609375
0 0.89296875 0.2171875 0.17265625 0.159375
0 0.74609375 0.4953125 0.14609375 0.14140625
0 0.84921875 0.353125 0.08984375 0.1265625
0 0.921875 0.34765625 0.08515625 0.109375
0 0.84453125 0.4625 0.08125 0.12265625
0 0.9125 0.4453125 0.075 0.10234375