0 0.49765625 0.4109375 0.9953125 0.50625
0 0.90078125 0.5640625 0.19375 0.1890625
0 0.753125 0.45234375 0.26015625 0.13125
0 0.71328125 0.55546875 0.22265625 0.13203125
0 0.22421875 0.34296875 0.19375 0.14140625
0 0.071875 0.5484375 0.14375 0.10390625
0 0.53125 0.54296875 0.16640625 0.1046875
0 0.07421875 0.44296875 0.14765625 0.11640625
0 0.546875 0.45078125 0.16875 0.10859375
0 0.23359375 0.54609375 0.18359375 0.0921875
0 0.821875 0.34765625 0.12734375 0.11171875
0 0.93984375 0.45546875 0.11640625 0.0921875
0 0.23671875 0.45703125 0.18125 0.090625
0 0.546875 0.34609375 0.18125 0.11171875
0 0.93828125 0.35625 0.11484375 0.125
0 0.065625 0.34765625 0.13125 0.10234375
0 0.753125 0.34765625 0.26484375 0.11171875
0 0.396875 0.4484375 0.14375 0.09921875
0 0.39140625 0.5328125 0.1375 0.09453125