0 0.5 0.40234375 0.99609375 0.47265625
0 0.44609375 0.50390625 0.16640625 0.134375
0 0.61484375 0.51484375 0.20859375 0.1546875
0 0.9125 0.3484375 0.16640625 0.13125
0 0.953125 0.56015625 0.08984375 0.15078125
0 0.74453125 0.35859375 0.18984375 0.10390625
0 0.296875 0.51328125 0.16484375 0.090625
0 0.71953125 0.246875 0.55234375 0.1640625
0 0.334375 0.4203125 0.20625 0.109375
0 0.81796875 0.53046875 0.23984375 0.17421875
0 0.68515625 0.25546875 0.18359375 0.1453125
0 0.53125 0.265625 0.17109375 0.12890625
0 0.57890625 0.3640625 0.15390625 0.0921875
0 0.88203125 0.24453125 0.22734375 0.159375
0 0.115625 0.42890625 0.17265625 0.0859375
0 0.11171875 0.50625 0.16875 0.078125