0 0.49765625 0.4125 0.9953125 0.50625
0 0.803125 0.5625 0.28984375 0.18359375
0 0.08515625 0.3390625 0.1703125 0.146875
0 0.57109375 0.56328125 0.22109375 0.11640625
0 0.60625 0.45390625 0.25390625 0.1296875
0 0.08828125 0.55 0.1765625 0.096875
0 0.08984375 0.4578125 0.17890625 0.0921875
0 0.38828125 0.54453125 0.16875 0.1046875
0 0.40234375 0.34609375 0.18359375 0.11171875
0 0.67109375 0.34765625 0.13359375 0.11640625
0 0.403125 0.45234375 0.17265625 0.109375
0 0.22890625 0.3546875 0.12109375 0.09765625
0 0.92265625 0.54765625 0.14609375 0.16171875
0 0.8625 0.45703125 0.2625 0.0859375
0 0.24453125 0.534375 0.13984375 0.09453125
0 0.24765625 0.4484375 0.14140625 0.1
0 0.96796875 0.56015625 0.06015625 0.13671875