0 0.49765625 0.4125 0.9953125 0.509375
0 0.77109375 0.5609375 0.2875 0.18359375
0 0.57421875 0.45390625 0.25234375 0.12734375
0 0.53828125 0.5625 0.21875 0.11796875
0 0.071875 0.55078125 0.14375 0.096875
0 0.77265625 0.35 0.15 0.140625
0 0.071875 0.4578125 0.14375 0.0921875
0 0.35625 0.54453125 0.17109375 0.1046875
0 0.90625 0.54765625 0.17890625 0.159375
0 0.36953125 0.453125 0.17265625 0.10859375
0 0.06796875 0.36640625 0.13515625 0.09296875
0 0.36953125 0.3453125 0.18515625 0.1109375
0 0.21171875 0.53515625 0.14375 0.09296875
0 0.21484375 0.4484375 0.14140625 0.1
0 0.95 0.55859375 0.09609375 0.13828125