0 0.4984375 0.38125 0.99375 0.7625
0 0.171875 0.6265625 0.34375 0.275
0 0.64375 0.35 0.37890625 0.18515625
0 0.24453125 0.3703125 0.4890625 0.3375
0 0.415625 0.54140625 0.25234375 0.22890625
0 0.309375 0.17734375 0.27265625 0.1453125
0 0.08984375 0.13125 0.17890625 0.225
0 0.95390625 0.1859375 0.0875 0.18359375
0 0.90546875 0.34140625 0.16484375 0.1546875
0 0.67734375 0.50078125 0.31640625 0.15234375
0 0.18046875 0.06953125 0.30234375 0.1390625
0 0.64296875 0.17421875 0.40234375 0.19921875
0 0.559375 0.06171875 0.51015625 0.1234375
0 0.35703125 0.3515625 0.26484375 0.25234375
0 0.90625 0.45546875 0.17109375 0.15234375
0 0.71953125 0.30390625 0.55234375 0.5515625