0 0.49921875 0.36484375 0.99375 0.72734375
0 0.45390625 0.52578125 0.35859375 0.19609375
0 0.115625 0.12265625 0.23125 0.2453125
0 0.40625 0.14375 0.37890625 0.21484375
0 0.403125 0.35234375 0.41875 0.2203125
0 0.90703125 0.13125 0.18125 0.25859375
0 0.153125 0.56875 0.30625 0.2515625
0 0.13125 0.3625 0.2625 0.25625
0 0.70234375 0.13125 0.27890625 0.259375
0 0.90703125 0.3265625 0.17734375 0.1484375
0 0.7125 0.340625 0.24140625 0.17890625
0 0.71484375 0.48359375 0.23359375 0.1578125
0 0.90625 0.45234375 0.175 0.13828125
0 0.4171875 0.04453125 0.428125 0.0890625
0 0.49921875 0.13125 0.99375 0.259375