0 0.5 0.41015625 0.99609375 0.43984375
0 0.45546875 0.26796875 0.21875 0.1390625
0 0.11796875 0.44296875 0.23515625 0.1546875
0 0.11640625 0.56796875 0.2328125 0.1140625
0 0.35859375 0.56640625 0.25390625 0.115625
0 0.60234375 0.5671875 0.24140625 0.10859375
0 0.83046875 0.56484375 0.23125 0.10859375
0 0.36484375 0.4484375 0.25859375 0.1484375
0 0.22890625 0.25625 0.24140625 0.14765625
0 0.33984375 0.359375 0.22890625 0.09765625
0 0.60859375 0.4484375 0.2375 0.14375
0 0.75859375 0.37109375 0.19609375 0.0875
0 0.1125 0.3375 0.225 0.1296875
0 0.55625 0.3640625 0.20859375 0.1046875
0 0.55078125 0.2671875 0.88984375 0.159375
0 0.83671875 0.45078125 0.23125 0.13125
0 0.66328125 0.28203125 0.20625 0.12265625