0 0.49921875 0.39453125 0.99765625 0.45859375
0 0.90078125 0.53125 0.18984375 0.178125
0 0.71875 0.5140625 0.20859375 0.15546875
0 0.93984375 0.2390625 0.11640625 0.159375
0 0.43828125 0.41875 0.20625 0.1109375
0 0.55234375 0.50390625 0.16640625 0.13125
0 0.85625 0.35625 0.2 0.10625
0 0.403125 0.51328125 0.16015625 0.0921875
0 0.64296875 0.25859375 0.16484375 0.11796875
0 0.759375 0.2484375 0.46875 0.15234375
0 0.22578125 0.428125 0.16484375 0.08515625
0 0.68671875 0.3640625 0.15625 0.08828125
0 0.06796875 0.24609375 0.13515625 0.10625
0 0.08359375 0.3234375 0.16640625 0.125
0 0.07421875 0.50625 0.14765625 0.08515625
0 0.22265625 0.50390625 0.15859375 0.07421875
0 0.075 0.42265625 0.15 0.09296875