0 0.49921875 0.365625 0.99375 0.7265625
0 0.13359375 0.6 0.26640625 0.265625
0 0.378125 0.38203125 0.44765625 0.20546875
0 0.3875 0.15546875 0.4625 0.27578125
0 0.10234375 0.38125 0.20390625 0.27265625
0 0.084375 0.203125 0.16875 0.17421875
0 0.41953125 0.5328125 0.40234375 0.20390625
0 0.97265625 0.2015625 0.05 0.17890625
0 0.32890625 0.06640625 0.6 0.13203125
0 0.68125 0.36875 0.175 0.1671875
0 0.69375 0.50625 0.1625 0.14609375
0 0.73203125 0.1578125 0.25625 0.27109375
0 0.85546875 0.2203125 0.18984375 0.16875
0 0.809375 0.36015625 0.09765625 0.13125
0 0.68671875 0.2125 0.16015625 0.159375
0 0.884375 0.4546875 0.08515625 0.10703125
0 0.89140625 0.35234375 0.0875 0.11171875
0 0.971875 0.34453125 0.05234375 0.115625
0 0.80390625 0.47265625 0.09609375 0.1265625