0 0.6375 0.35546875 0.32890625 0.19453125
0 0.303125 0.3765625 0.33984375 0.18046875
0 0.32421875 0.121875 0.22265625 0.14765625
0 0.165625 0.23203125 0.30625 0.18046875
0 0.78125 0.12109375 0.25 0.134375
0 0.10859375 0.1390625 0.21640625 0.13203125
0 0.759375 0.24609375 0.29375 0.13125
0 0.546875 0.134375 0.21875 0.14140625
0 0.07421875 0.3640625 0.14765625 0.21328125
0 0.315625 0.51640625 0.33984375 0.14609375
0 0.89609375 0.3546875 0.20390625 0.17421875
0 0.88984375 0.49609375 0.21640625 0.13125
0 0.63515625 0.50625 0.3125 0.1390625
0 0.07734375 0.52734375 0.15390625 0.140625
0 0.4625 0.2390625 0.30859375 0.17578125
0 0.94765625 0.2125 0.1 0.1390625
0 0.49296875 0.11875 0.11875 0.1109375
0 0.7125 0.11328125 0.11640625 0.115625