0 0.48515625 0.41328125 0.42109375 0.30078125
0 0.14921875 0.6828125 0.29765625 0.2453125
0 0.14296875 0.453125 0.28515625 0.2921875
0 0.46953125 0.63828125 0.40234375 0.20390625
0 0.57578125 0.25859375 0.33984375 0.2125
0 0.49765625 0.41328125 0.99140625 0.78671875
0 0.44765625 0.1203125 0.25859375 0.14375
0 0.790625 0.6109375 0.28984375 0.1625
0 0.828125 0.44140625 0.28125 0.19609375
0 0.15859375 0.0828125 0.31640625 0.13125
0 0.20859375 0.2375 0.41640625 0.25859375
0 0.81015625 0.26171875 0.13359375 0.0921875
0 0.86953125 0.34921875 0.25234375 0.27109375
0 0.2375 0.0921875 0.15859375 0.1046875
0 0.48359375 0.4265625 0.71640625 0.42578125