0 0.26328125 0.596875 0.5265625 0.253125
0 0.24765625 0.3484375 0.4953125 0.340625
0 0.18125 0.14765625 0.3625 0.23828125
0 0.49921875 0.3625 0.99375 0.725
0 0.78203125 0.146875 0.42734375 0.2515625
0 0.584375 0.52421875 0.18515625 0.2109375
0 0.6234375 0.0640625 0.378125 0.128125
0 0.778125 0.34453125 0.33515625 0.171875
0 0.46015625 0.17890625 0.225 0.1359375
0 0.3078125 0.0609375 0.3 0.121875
0 0.54140625 0.35 0.17890625 0.22421875
0 0.82734375 0.475 0.3375 0.1671875
0 0.9625 0.33671875 0.07109375 0.15
0 0.91953125 0.153125 0.15234375 0.22421875
0 0.784375 0.28515625 0.42265625 0.553125
0 0.96015625 0.4546875 0.075 0.12890625
0 0.925 0.05390625 0.14375 0.1078125
0 0.47109375 0.325 0.32109375 0.275
0 0.7125 0.18203125 0.2875 0.18515625