0 0.49765625 0.39921875 0.9953125 0.4953125
0 0.90234375 0.53125 0.19140625 0.26796875
0 0.88125 0.73828125 0.23359375 0.2875
0 0.49453125 0.51796875 0.23984375 0.171875
0 0.11484375 0.49921875 0.175 0.1359375
0 0.69296875 0.53203125 0.23515625 0.19609375
0 0.2875 0.50546875 0.20859375 0.1546875
0 0.54609375 0.24140625 0.22109375 0.15546875
0 0.4125 0.3515625 0.18359375 0.1015625
0 0.05078125 0.41171875 0.1015625 0.1109375
0 0.35234375 0.2484375 0.18359375 0.140625
0 0.77265625 0.34296875 0.14140625 0.12265625
0 0.840625 0.3234375 0.27734375 0.16171875
0 0.03828125 0.27109375 0.0765625 0.0828125
0 0.41328125 0.52890625 0.80234375 0.2109375
0 0.81796875 0.2328125 0.35234375 0.16171875
0 0.24765625 0.3546875 0.15859375 0.09296875
0 0.19453125 0.253125 0.17265625 0.1265625
0 0.60078125 0.34453125 0.20625 0.12734375