0 0.23828125 0.34921875 0.4765625 0.3453125
0 0.25546875 0.60078125 0.51015625 0.25625
0 0.17109375 0.16640625 0.34140625 0.203125
0 0.57109375 0.5265625 0.1875 0.21328125
0 0.49921875 0.365625 0.99375 0.72890625
0 0.765625 0.3453125 0.33125 0.17421875
0 0.775 0.15859375 0.43359375 0.225
0 0.82109375 0.47734375 0.35 0.16875
0 0.446875 0.178125 0.23125 0.13671875
0 0.52578125 0.35078125 0.18515625 0.22734375
0 0.61171875 0.0640625 0.37734375 0.12734375
0 0.29921875 0.06171875 0.30234375 0.1234375
0 0.95859375 0.33671875 0.07890625 0.1453125
0 0.965625 0.18046875 0.06484375 0.171875
0 0.92109375 0.0515625 0.1515625 0.103125
0 0.95546875 0.45625 0.08515625 0.12734375
0 0.9125 0.15390625 0.16640625 0.225
0 0.45859375 0.328125 0.32109375 0.2734375
0 0.078125 0.03671875 0.15625 0.0734375