0 0.49609375 0.40390625 0.9875 0.50390625
0 0.61640625 0.55390625 0.27109375 0.18125
0 0.421875 0.446875 0.24765625 0.13203125
0 0.81953125 0.37890625 0.12265625 0.0921875
0 0.38828125 0.546875 0.22265625 0.1390625
0 0.79375 0.5453125 0.11640625 0.14296875
0 0.20234375 0.5421875 0.175 0.10625
0 0.61953125 0.3546875 0.14765625 0.1234375
0 0.884375 0.5328125 0.08984375 0.12890625
0 0.48828125 0.3453125 0.11875 0.1109375
0 0.21484375 0.4484375 0.175 0.11328125
0 0.21015625 0.33984375 0.1875 0.115625
0 0.06640625 0.44375 0.1328125 0.10625
0 0.06328125 0.534375 0.1265625 0.096875