0 0.33203125 0.38671875 0.44765625 0.21015625
0 0.49921875 0.36640625 0.99375 0.7203125
0 0.33359375 0.15390625 0.47109375 0.284375
0 0.075 0.3765625 0.15 0.2609375
0 0.37265625 0.54453125 0.41640625 0.20078125
0 0.10625 0.60390625 0.2125 0.25
0 0.64375 0.37421875 0.19609375 0.17109375
0 0.05703125 0.20625 0.1140625 0.178125
0 0.96796875 0.20078125 0.06015625 0.18515625
0 0.634375 0.1625 0.19765625 0.2609375
0 0.3 0.0640625 0.6 0.12734375
0 0.7875 0.36328125 0.10390625 0.13203125
0 0.82734375 0.2078125 0.2 0.19140625
0 0.65703125 0.51328125 0.17265625 0.15
0 0.96796875 0.3453125 0.06015625 0.11796875
0 0.88125 0.35625 0.10390625 0.115625
0 0.96953125 0.4578125 0.05625 0.11171875
0 0.87109375 0.45859375 0.09609375 0.10859375