0 0.49921875 0.35546875 0.99375 0.70859375
0 0.3 0.1265625 0.475 0.24609375
0 0.65703125 0.12734375 0.33984375 0.25
0 0.30703125 0.35 0.49375 0.23671875
0 0.37265625 0.5375 0.4125 0.20625
0 0.671875 0.3328125 0.29765625 0.1828125
0 0.89609375 0.125 0.20390625 0.25
0 0.9 0.32265625 0.19140625 0.159375
0 0.67734375 0.49609375 0.275 0.1625
0 0.9 0.45859375 0.19140625 0.14609375
0 0.09453125 0.53203125 0.1890625 0.3140625
0 0.04609375 0.11953125 0.09140625 0.23671875
0 0.3 0.2375 0.50859375 0.46328125
0 0.06796875 0.3515625 0.13515625 0.23828125