0 0.74609375 0.48515625 0.5 0.31015625
0 0.721875 0.71953125 0.51875 0.26640625
0 0.796875 0.2703125 0.19375 0.153125
0 0.39140625 0.5109375 0.21640625 0.19140625
0 0.49921875 0.47265625 0.99375 0.76640625
0 0.19765625 0.4984375 0.25 0.1765625
0 0.93203125 0.16015625 0.13125 0.16484375
0 0.240625 0.2203125 0.22734375 0.1578125
0 0.06875 0.2234375 0.1375 0.14765625
0 0.10703125 0.3296875 0.19375 0.10703125
0 0.04453125 0.490625 0.0890625 0.159375
0 0.97890625 0.75234375 0.0375 0.2453125
0 0.303125 0.32578125 0.21015625 0.12734375
0 0.465625 0.21328125 0.24765625 0.153125
0 0.9375 0.2734375 0.12109375 0.203125
0 0.52890625 0.309375 0.25390625 0.1546875
0 0.359375 0.37109375 0.71875 0.471875
0 0.62109375 0.23984375 0.18359375 0.14765625
0 0.31171875 0.421875 0.20625 0.0765625
0 0.11640625 0.41484375 0.1875 0.07578125