0 0.41953125 0.41015625 0.42265625 0.3015625
0 0.11640625 0.6796875 0.2328125 0.24375
0 0.11015625 0.45 0.2203125 0.29375
0 0.49765625 0.41015625 0.99140625 0.7890625
0 0.50625 0.25859375 0.33359375 0.2125
0 0.40625 0.6375 0.40390625 0.20390625
0 0.728125 0.60703125 0.28515625 0.16015625
0 0.765625 0.4390625 0.28515625 0.19609375
0 0.38125 0.11640625 0.26640625 0.14375
0 0.8375 0.35078125 0.31640625 0.27265625
0 0.17578125 0.19765625 0.3515625 0.3328125
0 0.74921875 0.26328125 0.13515625 0.0921875
0 0.12578125 0.090625 0.2515625 0.134375
0 0.178125 0.0890625 0.15234375 0.10703125
0 0.44609375 0.42265625 0.74609375 0.41171875