0 0.496875 0.40390625 0.98984375 0.50859375
0 0.55546875 0.55078125 0.27265625 0.18125
0 0.95 0.546875 0.09609375 0.1390625
0 0.35703125 0.44609375 0.25234375 0.1296875
0 0.32578125 0.54765625 0.22265625 0.1359375
0 0.75390625 0.3765625 0.12109375 0.0921875
0 0.55390625 0.35 0.15 0.1296875
0 0.7375 0.5484375 0.10859375 0.12734375
0 0.703125 0.54921875 0.57734375 0.20078125
0 0.13515625 0.5421875 0.17890625 0.10703125
0 0.14140625 0.3359375 0.19609375 0.115625
0 0.41953125 0.33984375 0.12734375 0.11640625
0 0.846875 0.38125 0.07734375 0.090625
0 0.14609375 0.4484375 0.17890625 0.11328125
0 0.903125 0.51328125 0.14765625 0.12890625