0 0.4984375 0.32109375 0.99375 0.6421875
0 0.528125 0.10625 0.43515625 0.2125
0 0.22265625 0.52421875 0.4453125 0.2203125
0 0.54765625 0.29921875 0.38359375 0.1984375
0 0.84140625 0.28515625 0.25390625 0.18046875
0 0.57578125 0.46015625 0.35234375 0.21328125
0 0.96953125 0.27734375 0.05625 0.18359375
0 0.84609375 0.1046875 0.25390625 0.20859375
0 0.97109375 0.09375 0.05390625 0.1875
0 0.85546875 0.43828125 0.24765625 0.15703125
0 0.19921875 0.3234375 0.39765625 0.26171875
0 0.22265625 0.31875 0.4453125 0.634375
0 0.18359375 0.10625 0.36640625 0.2125
0 0.5390625 0.28515625 0.459375 0.5703125
0 0.97734375 0.4515625 0.04140625 0.17421875