0 0.17578125 0.53984375 0.28515625 0.18125
0 0.63359375 0.52265625 0.21640625 0.14296875
0 0.83671875 0.53125 0.21484375 0.15
0 0.26171875 0.3765625 0.51875 0.509375
0 0.46484375 0.36640625 0.075 0.08984375
0 0.76015625 0.53046875 0.47109375 0.1625
0 0.1625 0.3328125 0.15859375 0.13125
0 0.06640625 0.20625 0.1328125 0.171875
0 0.04453125 0.3234375 0.0890625 0.121875
0 0.96953125 0.55546875 0.05625 0.11796875
0 0.35625 0.36171875 0.09140625 0.08984375
0 0.275 0.35234375 0.08359375 0.09453125
0 0.046875 0.4390625 0.09375 0.125
0 0.44375 0.5109375 0.07890625 0.1296875
0 0.02265625 0.55546875 0.0453125 0.1140625
0 0.50546875 0.5375 0.98515625 0.1984375
0 0.35859375 0.5328125 0.10859375 0.1296875