0 0.49921875 0.36328125 0.99375 0.72421875
0 0.346875 0.140625 0.43125 0.22421875
0 0.90546875 0.1359375 0.18515625 0.24375
0 0.11796875 0.53671875 0.23515625 0.31640625
0 0.40546875 0.53671875 0.39375 0.203125
0 0.071875 0.1234375 0.14375 0.2453125
0 0.678125 0.13125 0.31875 0.25703125
0 0.090625 0.36015625 0.18125 0.24609375
0 0.6875 0.3390625 0.27890625 0.178125
0 0.34921875 0.35703125 0.45625 0.2296875
0 0.90390625 0.32734375 0.18359375 0.15234375
0 0.69453125 0.48671875 0.26484375 0.171875
0 0.90390625 0.46015625 0.18359375 0.14375
0 0.35625 0.04296875 0.47890625 0.0859375
0 0.49921875 0.13046875 0.98984375 0.2609375