0 0.40625 0.353125 0.57890625 0.3125
0 0.39140625 0.5875 0.49609375 0.22421875
0 0.240625 0.16875 0.45234375 0.23359375
0 0.49921875 0.3515625 0.99375 0.70078125
0 0.659375 0.075 0.34375 0.15
0 0.83515625 0.35 0.325 0.159375
0 0.07109375 0.37734375 0.14140625 0.24765625
0 0.80703125 0.1765625 0.37734375 0.2109375
0 0.0875 0.58203125 0.175 0.2015625
0 0.66640625 0.5171875 0.14609375 0.19453125
0 0.35546875 0.06640625 0.2921875 0.1328125
0 0.86015625 0.46875 0.275 0.1640625
0 0.53515625 0.190625 0.17109375 0.11875
0 0.109375 0.07578125 0.21875 0.1515625