0 0.49921875 0.35234375 0.99375 0.70390625
0 0.21875 0.37109375 0.4375 0.24140625
0 0.21328125 0.1328125 0.4265625 0.265625
0 0.234375 0.56015625 0.46875 0.2078125
0 0.546875 0.3546875 0.29375 0.19375
0 0.546875 0.171875 0.26484375 0.18359375
0 0.571875 0.50703125 0.26484375 0.171875
0 0.765625 0.3421875 0.16484375 0.15
0 0.81875 0.1578125 0.3 0.23125
0 0.76875 0.47421875 0.14609375 0.13671875
0 0.67734375 0.13671875 0.5875 0.2734375
0 0.89375 0.44609375 0.13359375 0.12265625
0 0.903125 0.33125 0.13984375 0.12734375
0 0.76015625 0.2 0.18359375 0.1453125