0 0.49921875 0.4 0.99765625 0.4703125
0 0.63515625 0.515625 0.20859375 0.153125
0 0.834375 0.53125 0.23125 0.17578125
0 0.92421875 0.3578125 0.14375 0.109375
0 0.46796875 0.50390625 0.16875 0.134375
0 0.76640625 0.3578125 0.19140625 0.1046875
0 0.31796875 0.5140625 0.16015625 0.0921875
0 0.35546875 0.41953125 0.20234375 0.1109375
0 0.60078125 0.3640625 0.15625 0.0921875
0 0.728125 0.24609375 0.53515625 0.1625
0 0.96484375 0.56875 0.06640625 0.13125
0 0.1375 0.42890625 0.17109375 0.0859375
0 0.89375 0.24375 0.20390625 0.159375
0 0.134375 0.50625 0.16484375 0.0765625