0 0.771875 0.3890625 0.44765625 0.3609375
0 0.55859375 0.50625 0.19140625 0.10390625
0 0.19296875 0.50546875 0.23125 0.1546875
0 0.32734375 0.50390625 0.65390625 0.15703125
0 0.815625 0.265625 0.20625 0.11171875
0 0.371875 0.51328125 0.18515625 0.090625
0 0.82890625 0.33828125 0.2125 0.12265625
0 0.95546875 0.30859375 0.08515625 0.1921875
0 0.809375 0.43671875 0.20625 0.090625
0 0.04140625 0.52578125 0.0828125 0.1078125
0 0.80078125 0.515625 0.21015625 0.0875
0 0.653125 0.42890625 0.12265625 0.07421875
0 0.94921875 0.521875 0.09765625 0.08125
0 0.49765625 0.39453125 0.9953125 0.3734375