0 0.45859375 0.3515625 0.4375 0.26171875
0 0.478125 0.5515625 0.45234375 0.19453125
0 0.125 0.3546875 0.25 0.26640625
0 0.58671875 0.08125 0.32734375 0.1625
0 0.13515625 0.55625 0.2703125 0.20625
0 0.71484375 0.18359375 0.31640625 0.19140625
0 0.496875 0.33046875 0.98984375 0.6578125
0 0.93203125 0.2203125 0.13125 0.1296875
0 0.778125 0.45234375 0.17265625 0.1359375
0 0.76796875 0.34296875 0.20625 0.14140625
0 0.31875 0.18359375 0.46640625 0.22421875
0 0.29140625 0.05546875 0.32109375 0.1109375
0 0.07421875 0.07421875 0.14765625 0.1484375
0 0.928125 0.27734375 0.13515625 0.34765625
0 0.93125 0.3234375 0.13359375 0.0875
0 0.04609375 0.196875 0.09140625 0.16953125
0 0.928125 0.40546875 0.13984375 0.0875
0 0.828125 0.3390625 0.08515625 0.1359375