0 0.49921875 0.41328125 0.99375 0.50859375
0 0.815625 0.5625 0.28984375 0.18359375
0 0.62109375 0.453125 0.25390625 0.1296875
0 0.58515625 0.5578125 0.22109375 0.125
0 0.09609375 0.54921875 0.19140625 0.09453125
0 0.09765625 0.4578125 0.19140625 0.09296875
0 0.09296875 0.36640625 0.18515625 0.0921875
0 0.41640625 0.45234375 0.175 0.10703125
0 0.403125 0.54453125 0.16875 0.1046875
0 0.41640625 0.3453125 0.18359375 0.11328125
0 0.68984375 0.2390625 0.24609375 0.159375
0 0.86796875 0.4578125 0.23984375 0.0859375
0 0.24609375 0.3546875 0.125 0.096875
0 0.259375 0.534375 0.13984375 0.09453125
0 0.2625 0.44921875 0.14140625 0.09921875