0 0.134375 0.3859375 0.26875 0.21015625
0 0.41796875 0.39609375 0.31484375 0.171875
0 0.36953125 0.1546875 0.21875 0.14375
0 0.72734375 0.375 0.30859375 0.17890625
0 0.13515625 0.54453125 0.2703125 0.1390625
0 0.42734375 0.52890625 0.32109375 0.140625
0 0.1375 0.1640625 0.24609375 0.1203125
0 0.26875 0.26328125 0.29609375 0.16171875
0 0.72578125 0.51640625 0.29375 0.1296875
0 0.809375 0.15234375 0.22734375 0.12265625
0 0.928125 0.5046875 0.13984375 0.12265625
0 0.821875 0.26875 0.27265625 0.125
0 0.06484375 0.25546875 0.12890625 0.15703125
0 0.58828125 0.1625 0.22734375 0.1296875
0 0.95859375 0.23203125 0.07890625 0.12890625
0 0.9375 0.371875 0.12109375 0.16171875
0 0.55078125 0.2671875 0.28984375 0.15234375