0 0.49765625 0.39765625 0.9953125 0.4515625
0 0.42890625 0.4359375 0.24140625 0.15
0 0.17734375 0.43515625 0.275 0.1625
0 0.175 0.56015625 0.26640625 0.1203125
0 0.86640625 0.45546875 0.20859375 0.109375
0 0.42578125 0.55859375 0.24375 0.109375
0 0.65625 0.45546875 0.22109375 0.09765625
0 0.65 0.55234375 0.22109375 0.10703125
0 0.86015625 0.55078125 0.20859375 0.096875
0 0.83984375 0.35078125 0.24140625 0.13359375
0 0.578125 0.3625 0.19375 0.090625
0 0.08046875 0.25703125 0.16015625 0.1203125
0 0.37578125 0.35546875 0.21484375 0.10703125