0 0.27890625 0.35390625 0.5578125 0.3578125
0 0.21484375 0.6140625 0.42890625 0.26640625
0 0.13359375 0.14765625 0.26640625 0.2171875
0 0.49453125 0.53515625 0.22265625 0.2203125
0 0.49921875 0.375 0.99375 0.74765625
0 0.71015625 0.34609375 0.35390625 0.18046875
0 0.38046875 0.1765625 0.25625 0.140625
0 0.70703125 0.17578125 0.40625 0.1890625
0 0.559375 0.0625 0.38515625 0.125
0 0.23828125 0.06484375 0.30625 0.1296875
0 0.73828125 0.4921875 0.30234375 0.1546875
0 0.92890625 0.3375 0.1 0.15234375
0 0.93671875 0.196875 0.08125 0.1390625
0 0.96953125 0.18359375 0.05625 0.18125
0 0.93515625 0.453125 0.12109375 0.1453125
0 0.75078125 0.29140625 0.48984375 0.55625
0 0.40703125 0.3390625 0.30234375 0.265625