0 0.35078125 0.5140625 0.22265625 0.14140625
0 0.54453125 0.51953125 0.20234375 0.14296875
0 0.90625 0.5140625 0.18359375 0.134375
0 0.109375 0.40625 0.21875 0.3859375
0 0.75546875 0.521875 0.22734375 0.1546875
0 0.07109375 0.26953125 0.14140625 0.1140625
0 0.103125 0.30859375 0.20625 0.19140625
0 0.49921875 0.51484375 0.99375 0.17109375
0 0.16640625 0.35703125 0.07890625 0.09453125
0 0.059375 0.5234375 0.11875 0.1484375
0 0.103125 0.42890625 0.20234375 0.0734375
0 0.49921875 0.41484375 0.99375 0.40234375
0 0.05 0.35078125 0.1 0.0953125
0 0.15625 0.50390625 0.10390625 0.134375
0 0.11328125 0.35625 0.04765625 0.0828125
0 0.10703125 0.284375 0.06484375 0.08515625
0 0.04453125 0.2765625 0.0890625 0.078125
0 0.15625 0.51171875 0.30859375 0.171875
0 0.253125 0.48828125 0.11875 0.12734375
0 0.90546875 0.4703125 0.18515625 0.04609375