0 0.49765625 0.328125 0.9953125 0.54375
0 0.31953125 0.38125 0.33515625 0.17890625
0 0.178125 0.2390625 0.30625 0.17421875
0 0.78046875 0.1265625 0.25234375 0.13203125
0 0.33125 0.51953125 0.3375 0.1453125
0 0.32578125 0.12890625 0.22734375 0.1484375
0 0.08203125 0.3703125 0.1640625 0.209375
0 0.64921875 0.353125 0.32265625 0.20390625
0 0.08515625 0.53125 0.1703125 0.140625
0 0.89375 0.49609375 0.20859375 0.1296875
0 0.646875 0.5078125 0.30625 0.13828125
0 0.109375 0.1421875 0.21875 0.1265625
0 0.9 0.35703125 0.19609375 0.1734375
0 0.47265625 0.24140625 0.30390625 0.1765625
0 0.54765625 0.13984375 0.22109375 0.140625
0 0.94765625 0.21484375 0.1 0.140625
0 0.76328125 0.234375 0.28515625 0.159375