0 0.73203125 0.70703125 0.52734375 0.28203125
0 0.75390625 0.4484375 0.4875 0.3640625
0 0.27109375 0.44140625 0.53359375 0.31015625
0 0.23984375 0.67578125 0.47890625 0.24296875
0 0.62109375 0.25546875 0.48359375 0.25390625
0 0.12578125 0.22578125 0.2515625 0.2546875
0 0.49921875 0.44375 0.99375 0.80546875
0 0.83515625 0.12109375 0.32109375 0.16171875
0 0.54375 0.1140625 0.2875 0.14375
0 0.92109375 0.24140625 0.15390625 0.2171875
0 0.33046875 0.25234375 0.18125 0.1671875
0 0.10078125 0.3 0.2015625 0.109375
0 0.10234375 0.178125 0.20390625 0.1578125
0 0.49921875 0.2078125 0.99375 0.3359375
0 0.16015625 0.203125 0.1875 0.1453125
0 0.19921875 0.215625 0.10625 0.1109375