0 0.49921875 0.41171875 0.99765625 0.50703125
0 0.70234375 0.453125 0.25859375 0.1296875
0 0.875 0.56484375 0.24609375 0.1859375
0 0.665625 0.56171875 0.22265625 0.11875
0 0.16953125 0.34140625 0.19765625 0.1453125
0 0.76875 0.2375 0.24140625 0.16171875
0 0.90625 0.35859375 0.15390625 0.12265625
0 0.48125 0.54375 0.16640625 0.10625
0 0.18203125 0.5484375 0.18515625 0.09453125
0 0.49609375 0.45234375 0.17109375 0.109375
0 0.184375 0.4578125 0.18515625 0.0921875
0 0.91171875 0.4578125 0.16875 0.0859375
0 0.49765625 0.34765625 0.18359375 0.11171875
0 0.04453125 0.5484375 0.0890625 0.10625
0 0.34140625 0.534375 0.1375 0.0921875
0 0.34453125 0.4484375 0.13984375 0.0953125