0 0.184375 0.39921875 0.29765625 0.159375
0 0.465625 0.38828125 0.27734375 0.17578125
0 0.228125 0.20078125 0.20234375 0.12734375
0 0.11953125 0.2859375 0.18125 0.1234375
0 0.340625 0.2875 0.26875 0.14609375
0 0.17421875 0.52421875 0.28984375 0.13125
0 0.62578125 0.18203125 0.20625 0.12109375
0 0.73203125 0.51328125 0.28125 0.12109375
0 0.73359375 0.4 0.26640625 0.14609375
0 0.42734375 0.19296875 0.2 0.109375
0 0.45625 0.5203125 0.275 0.12109375
0 0.93046875 0.3765625 0.13515625 0.1734375
0 0.59296875 0.29140625 0.24375 0.1296875
0 0.83671875 0.2875 0.24765625 0.1296875
0 0.928125 0.50625 0.13984375 0.11796875
0 0.959375 0.18359375 0.07734375 0.1140625
0 0.825 0.1828125 0.2 0.09921875
0 0.77734375 0.18046875 0.10390625 0.09453125