0 0.49765625 0.4046875 0.9953125 0.5
0 0.91171875 0.56640625 0.17265625 0.17890625
0 0.77421875 0.4515625 0.26015625 0.1296875
0 0.08515625 0.44296875 0.1703125 0.1171875
0 0.73671875 0.55859375 0.22265625 0.12265625
0 0.24609375 0.3671875 0.19140625 0.09296875
0 0.08359375 0.54921875 0.16640625 0.1046875
0 0.56796875 0.45078125 0.17265625 0.109375
0 0.25546875 0.5453125 0.18125 0.090625
0 0.25703125 0.45703125 0.18125 0.090625
0 0.55234375 0.5421875 0.16640625 0.1046875
0 0.84375 0.3453125 0.12890625 0.115625
0 0.56875 0.34609375 0.18359375 0.11171875
0 0.84453125 0.234375 0.24765625 0.1625
0 0.41796875 0.4484375 0.13984375 0.09765625
0 0.41171875 0.5328125 0.13515625 0.09296875
0 0.70703125 0.34765625 0.13515625 0.1015625
0 0.07578125 0.346875 0.1515625 0.103125