0 0.49765625 0.396875 0.9953125 0.446875
0 0.44140625 0.44609375 0.20390625 0.1109375
0 0.221875 0.54765625 0.23515625 0.11640625
0 0.221875 0.44453125 0.23984375 0.10625
0 0.4375 0.54296875 0.2 0.09765625
0 0.61328125 0.3484375 0.17734375 0.13359375
0 0.91875 0.34296875 0.15390625 0.11328125
0 0.621875 0.54140625 0.17265625 0.0875
0 0.05390625 0.55859375 0.1078125 0.1140625
0 0.92109375 0.45078125 0.15390625 0.10703125
0 0.625 0.45625 0.16640625 0.0875
0 0.13515625 0.34375 0.21640625 0.09765625
0 0.91484375 0.5421875 0.16640625 0.10859375
0 0.23984375 0.27265625 0.19609375 0.09453125
0 0.071875 0.25703125 0.14375 0.10625
0 0.05546875 0.44921875 0.11015625 0.1109375
0 0.49765625 0.2484375 0.9953125 0.153125
0 0.77421875 0.5296875 0.13984375 0.09296875
0 0.77890625 0.44609375 0.14609375 0.1