0 0.5 0.39609375 0.99609375 0.45078125
0 0.07265625 0.23984375 0.1453125 0.1515625
0 0.16015625 0.559375 0.26640625 0.11875
0 0.853125 0.4546875 0.21015625 0.109375
0 0.1625 0.4390625 0.275 0.15234375
0 0.41640625 0.434375 0.24140625 0.15234375
0 0.41171875 0.5578125 0.24375 0.10859375
0 0.64296875 0.4546875 0.21875 0.1
0 0.63671875 0.5515625 0.21875 0.10859375
0 0.846875 0.5515625 0.20625 0.0953125
0 0.56484375 0.3609375 0.19609375 0.08984375
0 0.36171875 0.3546875 0.21484375 0.10859375
0 0.49921875 0.2546875 0.98984375 0.1671875