0 0.49921875 0.390625 0.99375 0.44921875
0 0.12265625 0.55546875 0.2453125 0.1140625
0 0.353125 0.54609375 0.22734375 0.11328125
0 0.125 0.4484375 0.25 0.11328125
0 0.35859375 0.44609375 0.225 0.1
0 0.56328125 0.54140625 0.19765625 0.09453125
0 0.56953125 0.44609375 0.19765625 0.10859375
0 0.74140625 0.3734375 0.17890625 0.0875
0 0.08515625 0.32734375 0.1703125 0.0953125
0 0.74765625 0.5421875 0.17109375 0.0859375
0 0.27578125 0.34921875 0.20625 0.0921875
0 0.75234375 0.45703125 0.17109375 0.08828125