0 0.68125 0.4796875 0.54609375 0.30390625
0 0.88671875 0.24140625 0.22265625 0.3265625
0 0.62734375 0.71171875 0.50859375 0.25859375
0 0.70625 0.27421875 0.19140625 0.17109375
0 0.30703125 0.50625 0.21875 0.1875
0 0.11640625 0.49375 0.2328125 0.178125
0 0.49921875 0.48125 0.99375 0.796875
0 0.93125 0.74140625 0.13359375 0.2796875
0 0.15546875 0.2125 0.23125 0.159375
0 0.31171875 0.36484375 0.62265625 0.46796875
0 0.96015625 0.525 0.075 0.25625
0 0.05859375 0.3234375 0.11640625 0.10625
0 0.21640625 0.3203125 0.2125 0.12890625
0 0.375 0.21015625 0.24140625 0.15546875
0 0.44609375 0.3234375 0.25859375 0.11640625
0 0.22734375 0.41640625 0.2125 0.07578125
0 0.04765625 0.21015625 0.0953125 0.1296875
0 0.53359375 0.234375 0.175 0.14765625
0 0.06171875 0.4078125 0.12265625 0.078125