0 0.49921875 0.3625 0.99375 0.7203125
0 0.15 0.59609375 0.3 0.25859375
0 0.41328125 0.38125 0.43125 0.203125
0 0.41875 0.1578125 0.45390625 0.27265625
0 0.10234375 0.20078125 0.20390625 0.1734375
0 0.45546875 0.5375 0.39765625 0.18515625
0 0.121875 0.38359375 0.24375 0.27578125
0 0.70546875 0.36875 0.16875 0.16640625
0 0.978125 0.20546875 0.03984375 0.16875
0 0.715625 0.50390625 0.16015625 0.14375
0 0.86328125 0.203125 0.18515625 0.20078125
0 0.70625 0.2109375 0.15 0.1578125
0 0.35859375 0.0671875 0.5875 0.134375
0 0.76640625 0.16328125 0.37890625 0.27734375
0 0.82578125 0.3609375 0.09375 0.1296875
0 0.56953125 0.0453125 0.16875 0.090625
0 0.90390625 0.3515625 0.0875 0.1109375
0 0.89375 0.45234375 0.08359375 0.1046875