0 0.74375 0.71015625 0.50390625 0.284375
0 0.76484375 0.45546875 0.4625 0.35703125
0 0.29375 0.45078125 0.5375 0.29453125
0 0.259375 0.6765625 0.48515625 0.24296875
0 0.84765625 0.1234375 0.3 0.1640625
0 0.64765625 0.25625 0.47890625 0.2515625
0 0.1375 0.22890625 0.275 0.2546875
0 0.5 0.446875 0.99140625 0.80859375
0 0.93359375 0.2484375 0.12890625 0.20859375
0 0.56875 0.115625 0.29140625 0.14140625
0 0.03359375 0.475 0.06640625 0.24375
0 0.35078125 0.25390625 0.17734375 0.1671875
0 0.2 0.21328125 0.15 0.14140625
0 0.07109375 0.17265625 0.14140625 0.1453125
0 0.11171875 0.28046875 0.22265625 0.15078125