0 0.49921875 0.3328125 0.99375 0.5421875
0 0.66015625 0.3546875 0.325 0.2015625
0 0.33359375 0.38203125 0.33359375 0.17890625
0 0.33359375 0.13125 0.22109375 0.14609375
0 0.1125 0.1453125 0.225 0.125
0 0.190625 0.2390625 0.30625 0.178125
0 0.784375 0.12890625 0.24375 0.13125
0 0.34609375 0.52109375 0.33359375 0.14375
0 0.48359375 0.24609375 0.30390625 0.16953125
0 0.89921875 0.49765625 0.19765625 0.12734375
0 0.90625 0.36171875 0.18359375 0.16484375
0 0.08984375 0.37109375 0.17890625 0.2171875
0 0.65859375 0.50859375 0.30859375 0.1359375
0 0.553125 0.1375 0.22265625 0.12890625
0 0.09296875 0.534375 0.18515625 0.14140625
0 0.49921875 0.12734375 0.11875 0.10859375
0 0.95078125 0.23828125 0.09375 0.10859375
0 0.771875 0.23671875 0.28515625 0.15546875
0 0.95390625 0.1765625 0.0875 0.0609375
0 0.02265625 0.24921875 0.0453125 0.1390625