0 0.51796875 0.46640625 0.53515625 0.30078125
0 0.87578125 0.47578125 0.24375 0.35703125
0 0.85 0.734375 0.29609375 0.28984375
0 0.46953125 0.6921875 0.48984375 0.259375
0 0.24140625 0.35546875 0.4828125 0.4734375
0 0.49921875 0.46875 0.99375 0.81953125
0 0.15625 0.49609375 0.20859375 0.1921875
0 0.81484375 0.2703125 0.36640625 0.25390625
0 0.54296875 0.2671875 0.21875 0.16875
0 0.06171875 0.19375 0.12265625 0.14765625
0 0.78515625 0.1390625 0.31640625 0.1765625
0 0.09375 0.4734375 0.1875 0.20625
0 0.08984375 0.3109375 0.17890625 0.12890625
0 0.26015625 0.31015625 0.175 0.1296875
0 0.965625 0.12734375 0.06484375 0.096875
0 0.22109375 0.20078125 0.24140625 0.16015625
0 0.28671875 0.24765625 0.38125 0.25234375
0 0.72734375 0.22421875 0.5375 0.346875
0 0.09453125 0.4078125 0.1890625 0.078125
0 0.05546875 0.4890625 0.11015625 0.17578125