0 0.49921875 0.321875 0.99375 0.5921875
0 0.10703125 0.18046875 0.2140625 0.2484375
0 0.83515625 0.11171875 0.275 0.17109375
0 0.84921875 0.5296875 0.29765625 0.16015625
0 0.17421875 0.5375 0.34765625 0.1578125
0 0.525 0.5328125 0.35859375 0.16640625
0 0.53515625 0.3546875 0.375 0.23359375
0 0.56875 0.115625 0.24609375 0.15546875
0 0.71484375 0.22265625 0.34140625 0.1859375
0 0.32734375 0.1 0.25 0.15078125
0 0.853125 0.36953125 0.28984375 0.19921875
0 0.171875 0.3765625 0.34375 0.1984375
0 0.37109375 0.22890625 0.35 0.19609375
0 0.9375 0.22578125 0.12109375 0.1359375
0 0.10703125 0.1125 0.2140625 0.115625