0 0.49765625 0.409375 0.9953125 0.503125
0 0.775 0.5609375 0.2875 0.18359375
0 0.58046875 0.453125 0.25234375 0.1296875
0 0.54375 0.5609375 0.22109375 0.12109375
0 0.94921875 0.55625 0.09765625 0.14609375
0 0.07421875 0.55 0.14765625 0.0953125
0 0.07421875 0.4578125 0.14765625 0.0921875
0 0.06953125 0.365625 0.1390625 0.09375
0 0.36171875 0.54453125 0.16875 0.1046875
0 0.375 0.453125 0.17109375 0.10859375
0 0.37421875 0.3453125 0.18125 0.11328125
0 0.221875 0.45078125 0.14375 0.09921875
0 0.21875 0.53515625 0.14609375 0.09296875