0 0.49921875 0.3265625 0.99375 0.653125
0 0.53046875 0.109375 0.43125 0.21796875
0 0.22421875 0.53046875 0.44765625 0.21953125
0 0.8484375 0.10703125 0.25625 0.2140625
0 0.55078125 0.30234375 0.38125 0.19453125
0 0.84296875 0.28984375 0.25234375 0.17578125
0 0.2 0.328125 0.4 0.25625
0 0.96953125 0.2828125 0.05625 0.1828125
0 0.85546875 0.44296875 0.24765625 0.15703125
0 0.971875 0.096875 0.05234375 0.19375
0 0.57578125 0.465625 0.35625 0.20546875
0 0.22265625 0.32109375 0.4453125 0.6390625
0 0.18515625 0.11328125 0.3703125 0.2265625
0 0.53828125 0.2875 0.45625 0.57421875
0 0.978125 0.45625 0.03984375 0.17421875