0 0.22578125 0.37265625 0.4515625 0.2390625
0 0.21953125 0.1375 0.4390625 0.26875
0 0.49921875 0.35390625 0.99375 0.7078125
0 0.24609375 0.5609375 0.46640625 0.203125
0 0.559375 0.178125 0.25625 0.18359375
0 0.55625 0.35859375 0.2875 0.19140625
0 0.76640625 0.34609375 0.15390625 0.15
0 0.821875 0.16484375 0.28984375 0.225
0 0.58046875 0.509375 0.26015625 0.171875
0 0.02109375 0.6296875 0.04140625 0.12265625
0 0.76875 0.47734375 0.14140625 0.13203125
0 0.90078125 0.33515625 0.13515625 0.12734375
0 0.89296875 0.44765625 0.12734375 0.12109375
0 0.70078125 0.1390625 0.53515625 0.27578125