0 0.42265625 0.34765625 0.4875 0.2890625
0 0.46484375 0.33671875 0.92890625 0.67109375
0 0.428125 0.5625 0.46484375 0.21015625
0 0.09921875 0.36171875 0.19765625 0.26328125
0 0.74140625 0.18828125 0.35390625 0.1921875
0 0.61015625 0.0796875 0.35859375 0.159375
0 0.95703125 0.2171875 0.08125 0.13828125
0 0.25078125 0.1765625 0.41875 0.22734375
0 0.11015625 0.571875 0.2203125 0.2
0 0.796875 0.459375 0.21484375 0.14296875
0 0.775 0.34609375 0.27109375 0.15
0 0.29453125 0.06171875 0.29765625 0.1234375
0 0.95859375 0.325 0.07890625 0.090625
0 0.078125 0.12578125 0.15625 0.2515625
0 0.95859375 0.40859375 0.07890625 0.090625
0 0.66796875 0.49609375 0.08125 0.16875
0 0.50390625 0.19453125 0.125 0.10390625