0 0.49921875 0.36015625 0.99375 0.7203125
0 0.18828125 0.128125 0.3765625 0.25625
0 0.20234375 0.36875 0.40390625 0.2453125
0 0.21484375 0.5640625 0.42890625 0.2125
0 0.5125 0.13125 0.3 0.2546875
0 0.815625 0.14453125 0.34375 0.24375
0 0.509375 0.35078125 0.33125 0.2015625
0 0.540625 0.509375 0.30234375 0.1765625
0 0.75390625 0.3375 0.1875 0.1546875
0 0.90859375 0.3265625 0.15390625 0.134375
0 0.90625 0.1453125 0.16640625 0.240625
0 0.76171875 0.475 0.16015625 0.1390625
0 0.90234375 0.44375 0.14609375 0.1265625
0 0.75625 0.19140625 0.20859375 0.14765625