0 0.153125 0.390625 0.30625 0.203125
0 0.45078125 0.40078125 0.30625 0.16484375
0 0.15234375 0.54453125 0.30390625 0.13671875
0 0.3875 0.16640625 0.2125 0.14140625
0 0.459375 0.5296875 0.31015625 0.1359375
0 0.75 0.3734375 0.3 0.18984375
0 0.16640625 0.17578125 0.22890625 0.12265625
0 0.81953125 0.1625 0.21484375 0.11796875
0 0.74609375 0.51796875 0.28359375 0.12734375
0 0.303125 0.26796875 0.28515625 0.16640625
0 0.83984375 0.2734375 0.26640625 0.13203125
0 0.08359375 0.27734375 0.16640625 0.12734375
0 0.57578125 0.27265625 0.27734375 0.15234375
0 0.93515625 0.50859375 0.125 0.11796875
0 0.60390625 0.1671875 0.225 0.115625
0 0.94609375 0.3859375 0.10390625 0.140625