0 0.52890625 0.10546875 0.4375 0.2109375
0 0.49921875 0.3234375 0.99375 0.64609375
0 0.22265625 0.521875 0.4453125 0.221875
0 0.546875 0.29765625 0.38125 0.19921875
0 0.57734375 0.45703125 0.35390625 0.21796875
0 0.84609375 0.103125 0.25390625 0.20625
0 0.84140625 0.2828125 0.25390625 0.178125
0 0.19765625 0.3234375 0.3953125 0.259375
0 0.97109375 0.0921875 0.05390625 0.18359375
0 0.85546875 0.4359375 0.24765625 0.1578125
0 0.18359375 0.11015625 0.36640625 0.2203125
0 0.97109375 0.275 0.05390625 0.18359375
0 0.221875 0.31796875 0.44375 0.63359375
0 0.5359375 0.2875 0.453125 0.575
0 0.975 0.45078125 0.04609375 0.1765625