0 0.49765625 0.33515625 0.99140625 0.66953125
0 0.23046875 0.5390625 0.46015625 0.21953125
0 0.85234375 0.1125 0.25 0.225
0 0.20703125 0.3375 0.4140625 0.25625
0 0.84921875 0.303125 0.24375 0.17421875
0 0.19453125 0.1171875 0.3890625 0.234375
0 0.56171875 0.3140625 0.37265625 0.196875
0 0.5453125 0.1140625 0.421875 0.228125
0 0.58515625 0.47734375 0.34609375 0.20390625
0 0.85703125 0.453125 0.24375 0.1578125
0 0.228125 0.32578125 0.45625 0.6484375
0 0.97265625 0.29453125 0.05 0.178125
0 0.97421875 0.10390625 0.04765625 0.2078125