0 0.29375 0.67578125 0.53359375 0.24296875
0 0.296875 0.45546875 0.51484375 0.28515625
0 0.75625 0.4171875 0.43359375 0.30546875
0 0.7375 0.64296875 0.4125 0.20859375
0 0.49921875 0.4015625 0.99375 0.7984375
0 0.1375 0.234375 0.275 0.25234375
0 0.72265625 0.12109375 0.2625 0.13828125
0 0.15 0.0921875 0.3 0.184375
0 0.95546875 0.621875 0.08515625 0.1734375
0 0.02265625 0.4578125 0.0453125 0.25
0 0.47890625 0.24453125 0.425 0.2484375
0 0.440625 0.0953125 0.29765625 0.125
0 0.83828125 0.26328125 0.31875 0.21953125
0 0.01484375 0.66875 0.02890625 0.18359375
0 0.50703125 0.1 0.16484375 0.10390625
0 0.83828125 0.43046875 0.31875 0.54921875