0 0.49765625 0.31953125 0.9953125 0.5546875
0 0.259375 0.3734375 0.35625 0.1859375
0 0.14296875 0.22421875 0.28515625 0.1859375
0 0.79375 0.12109375 0.25390625 0.15
0 0.321875 0.1140625 0.22734375 0.15
0 0.26875 0.51953125 0.35390625 0.15234375
0 0.10703125 0.125 0.2140625 0.125
0 0.87734375 0.5046875 0.24140625 0.1390625
0 0.61015625 0.34765625 0.34140625 0.21796875
0 0.60390625 0.5125 0.325 0.14765625
0 0.55 0.1265625 0.22890625 0.1453125
0 0.43515625 0.2375 0.32109375 0.178125
0 0.74375 0.24140625 0.30390625 0.14140625
0 0.88203125 0.35703125 0.23125 0.18515625
0 0.05078125 0.52578125 0.1015625 0.1453125
0 0.94375 0.215625 0.10859375 0.134375
0 0.04765625 0.36796875 0.0953125 0.1921875