0 0.52734375 0.1046875 0.4359375 0.209375
0 0.4984375 0.32109375 0.99375 0.6421875
0 0.22265625 0.52109375 0.4453125 0.2234375
0 0.54609375 0.2953125 0.38359375 0.196875
0 0.84296875 0.28046875 0.25234375 0.1765625
0 0.57578125 0.46015625 0.35234375 0.20546875
0 0.19765625 0.31953125 0.3953125 0.2609375
0 0.84140625 0.10234375 0.25859375 0.20390625
0 0.85546875 0.43515625 0.24765625 0.1578125
0 0.97109375 0.09140625 0.05390625 0.1828125
0 0.97109375 0.2734375 0.05390625 0.18359375
0 0.18203125 0.10546875 0.3640625 0.2109375
0 0.56171875 0.38203125 0.40625 0.36796875
0 0.221875 0.31796875 0.44375 0.63359375
0 0.97734375 0.4484375 0.04140625 0.171875