0 0.49921875 0.3921875 0.99375 0.78203125
0 0.13046875 0.64296875 0.26015625 0.2828125
0 0.34609375 0.55625 0.27109375 0.23203125
0 0.584375 0.36015625 0.38515625 0.1875
0 0.58359375 0.153125 0.4125 0.25703125
0 0.246875 0.1859375 0.27734375 0.15078125
0 0.28203125 0.36328125 0.28984375 0.2546875
0 0.9375 0.19375 0.12109375 0.18515625
0 0.109375 0.40234375 0.21875 0.28984375
0 0.50546875 0.065625 0.51484375 0.13125
0 0.8625 0.34765625 0.1875 0.1546875
0 0.05546875 0.16484375 0.11015625 0.19609375
0 0.81953125 0.15546875 0.15625 0.240625
0 0.83359375 0.1984375 0.11640625 0.15234375
0 0.96953125 0.334375 0.05625 0.10234375
0 0.88359375 0.4609375 0.225 0.16484375
0 0.1375 0.0796875 0.275 0.159375
0 0.240625 0.49765625 0.47734375 0.5640625
0 0.62265625 0.5015625 0.34140625 0.17890625