0 0.5 0.40625 0.99609375 0.4421875
0 0.15078125 0.25390625 0.24765625 0.14296875
0 0.53515625 0.4421875 0.24140625 0.15078125
0 0.53125 0.5640625 0.24140625 0.10703125
0 0.75703125 0.5609375 0.22734375 0.109375
0 0.28515625 0.56484375 0.25859375 0.115625
0 0.290625 0.44140625 0.26484375 0.159375
0 0.484375 0.36171875 0.21015625 0.10625
0 0.08046875 0.4390625 0.16015625 0.16015625
0 0.4125 0.27265625 0.15390625 0.125
0 0.08046875 0.56640625 0.16015625 0.115625
0 0.93125 0.56171875 0.13359375 0.0953125
0 0.68515625 0.36796875 0.19609375 0.08984375
0 0.93671875 0.46796875 0.12265625 0.1015625
0 0.76328125 0.44609375 0.22734375 0.134375