0 0.49921875 0.35859375 0.99375 0.7171875
0 0.18828125 0.128125 0.3765625 0.25625
0 0.19921875 0.3703125 0.39765625 0.24765625
0 0.50703125 0.35234375 0.33515625 0.2015625
0 0.81171875 0.14453125 0.34765625 0.24375
0 0.21484375 0.5640625 0.42890625 0.21328125
0 0.509375 0.1625 0.29765625 0.1921875
0 0.90390625 0.1453125 0.16640625 0.240625
0 0.54140625 0.509375 0.29609375 0.1765625
0 0.753125 0.3375 0.18984375 0.153125
0 0.90859375 0.3265625 0.15859375 0.134375
0 0.90078125 0.44375 0.14765625 0.12890625
0 0.75546875 0.475 0.16875 0.1390625
0 0.49609375 0.13359375 0.9875 0.2640625