0 0.3 0.51484375 0.2125 0.140625
0 0.08046875 0.309375 0.16015625 0.18515625
0 0.49921875 0.51328125 0.99375 0.16875
0 0.121875 0.35625 0.07734375 0.0921875
0 0.88203125 0.51328125 0.22265625 0.13359375
0 0.50234375 0.5171875 0.2 0.14296875
0 0.71171875 0.5203125 0.22265625 0.15234375
0 0.134375 0.509375 0.26875 0.171875
0 0.08359375 0.4078125 0.16640625 0.38125
0 0.07890625 0.4265625 0.1578125 0.06875
0 0.49921875 0.41484375 0.99375 0.3953125
0 0.046875 0.34921875 0.09375 0.096875
0 0.03515625 0.5296875 0.0703125 0.134375
0 0.10703125 0.5109375 0.09375 0.12265625
0 0.22578125 0.44765625 0.08515625 0.0484375
0 0.20390625 0.4875 0.12890625 0.12890625
0 0.04921875 0.27109375 0.09765625 0.10859375