0 0.49765625 0.36328125 0.9953125 0.5015625
0 0.19375 0.40078125 0.32109375 0.19140625
0 0.49453125 0.41015625 0.29375 0.16015625
0 0.5 0.53359375 0.30390625 0.13359375
0 0.19140625 0.54609375 0.31640625 0.13671875
0 0.78203125 0.3828125 0.28984375 0.1828125
0 0.865625 0.28203125 0.25234375 0.13203125
0 0.41796875 0.17734375 0.21015625 0.1359375
0 0.778125 0.52265625 0.27734375 0.1234375
0 0.10859375 0.28828125 0.21640625 0.159375
0 0.34765625 0.278125 0.275 0.1625
0 0.8375 0.17734375 0.2125 0.11640625
0 0.61015625 0.2859375 0.27109375 0.1453125
0 0.20234375 0.1859375 0.22109375 0.11640625
0 0.046875 0.18359375 0.09375 0.11640625
0 0.62734375 0.17890625 0.22109375 0.109375
0 0.94921875 0.51328125 0.09765625 0.115625