0 0.49921875 0.33125 0.99375 0.5421875
0 0.65625 0.353125 0.325 0.20390625
0 0.33046875 0.38125 0.33515625 0.178125
0 0.11171875 0.14296875 0.22265625 0.12109375
0 0.33125 0.13125 0.22109375 0.14765625
0 0.78515625 0.128125 0.24140625 0.13125
0 0.34140625 0.5203125 0.33359375 0.14375
0 0.18671875 0.2390625 0.30625 0.178125
0 0.47890625 0.24765625 0.30390625 0.16953125
0 0.0875 0.37109375 0.175 0.215625
0 0.90390625 0.36484375 0.1875 0.15703125
0 0.76953125 0.25 0.28515625 0.1296875
0 0.896875 0.496875 0.20234375 0.12890625
0 0.65546875 0.50859375 0.30625 0.13671875
0 0.55234375 0.13828125 0.22109375 0.13203125
0 0.090625 0.5328125 0.18125 0.14140625
0 0.49765625 0.1265625 0.11640625 0.10859375
0 0.95078125 0.22109375 0.09375 0.14765625
0 0.021875 0.24296875 0.04375 0.14609375