0 0.86171875 0.7375 0.27265625 0.2890625
0 0.88125 0.52109375 0.23359375 0.28515625
0 0.49765625 0.39765625 0.9953125 0.4953125
0 0.24921875 0.50390625 0.21015625 0.15546875
0 0.65234375 0.5296875 0.23359375 0.19609375
0 0.45390625 0.5171875 0.23359375 0.16640625
0 0.08203125 0.49375 0.1640625 0.140625
0 0.790625 0.32109375 0.25625 0.1640625
0 0.37265625 0.3484375 0.18359375 0.1046875
0 0.5625 0.3421875 0.20859375 0.1265625
0 0.50390625 0.2390625 0.21640625 0.1546875
0 0.72421875 0.2296875 0.24765625 0.159375
0 0.20625 0.35234375 0.15859375 0.0953125
0 0.31171875 0.2453125 0.18515625 0.14140625
0 0.56953125 0.43828125 0.20234375 0.0765625
0 0.12421875 0.25390625 0.11875 0.12734375
0 0.06640625 0.35 0.12890625 0.1015625