0 0.49765625 0.4015625 0.9953125 0.49375
0 0.58359375 0.52421875 0.24609375 0.17109375
0 0.09609375 0.4125 0.19140625 0.1203125
0 0.89375 0.34765625 0.20390625 0.12265625
0 0.68984375 0.34296875 0.2125 0.134375
0 0.94921875 0.53984375 0.09765625 0.23671875
0 0.50078125 0.35625 0.18515625 0.1015625
0 0.634375 0.2453125 0.22265625 0.15546875
0 0.784375 0.53671875 0.24765625 0.20078125
0 0.20546875 0.4984375 0.17265625 0.1390625
0 0.92578125 0.73984375 0.14375 0.27734375
0 0.284375 0.26015625 0.17265625 0.12890625
0 0.44296875 0.253125 0.18125 0.14296875
0 0.06640625 0.51328125 0.1328125 0.0921875
0 0.86328125 0.23203125 0.25625 0.16015625
0 0.33671875 0.36328125 0.15625 0.08515625
0 0.028125 0.259375 0.05625 0.096875
0 0.17578125 0.34765625 0.17265625 0.12109375
0 0.375 0.51015625 0.20390625 0.15234375
0 0.10859375 0.271875 0.11640625 0.09765625