0 0.49765625 0.41015625 0.9953125 0.5078125
0 0.88984375 0.565625 0.2125 0.1921875
0 0.73203125 0.45234375 0.26015625 0.13125
0 0.69609375 0.5609375 0.225 0.11796875
0 0.20234375 0.3421875 0.19609375 0.14375
0 0.21171875 0.54765625 0.18515625 0.09296875
0 0.21484375 0.4578125 0.18359375 0.0921875
0 0.52578125 0.45078125 0.16875 0.10703125
0 0.5125 0.5421875 0.16640625 0.10625
0 0.06328125 0.4421875 0.1265625 0.115625
0 0.06015625 0.54765625 0.1203125 0.1046875
0 0.92890625 0.35703125 0.13359375 0.1265625
0 0.79921875 0.34765625 0.13515625 0.1140625
0 0.92890625 0.45390625 0.1375 0.0921875
0 0.528125 0.34765625 0.18125 0.109375
0 0.05390625 0.34296875 0.1078125 0.0921875
0 0.371875 0.53359375 0.13984375 0.09296875
0 0.37265625 0.44921875 0.1375 0.09453125