0 0.49765625 0.396875 0.9953125 0.45625
0 0.30078125 0.44375 0.21015625 0.1140625
0 0.09765625 0.54921875 0.1953125 0.1203125
0 0.09921875 0.43046875 0.19765625 0.134375
0 0.475 0.3453125 0.17890625 0.1390625
0 0.296875 0.54296875 0.21015625 0.1
0 0.925 0.55859375 0.14609375 0.115625
0 0.48515625 0.5421875 0.17109375 0.08828125
0 0.93359375 0.45078125 0.125 0.11640625
0 0.09765625 0.2640625 0.1953125 0.1
0 0.934375 0.33984375 0.12734375 0.1109375
0 0.796875 0.3421875 0.19375 0.109375
0 0.4875 0.45546875 0.16640625 0.08828125
0 0.77578125 0.540625 0.17265625 0.1046875
0 0.79375 0.44921875 0.17890625 0.1109375
0 0.046875 0.33671875 0.09375 0.090625
0 0.63515625 0.5296875 0.1375 0.0921875