0 0.49765625 0.4015625 0.9953125 0.5
0 0.91328125 0.53671875 0.16875 0.259375
0 0.715625 0.5328125 0.23984375 0.196875
0 0.89296875 0.73984375 0.21015625 0.284375
0 0.62421875 0.35625 0.21015625 0.10390625
0 0.52421875 0.51796875 0.25234375 0.171875
0 0.43515625 0.353125 0.18359375 0.10234375
0 0.85859375 0.346875 0.26640625 0.11796875
0 0.134375 0.50078125 0.16875 0.1359375
0 0.31015625 0.5078125 0.20390625 0.15234375
0 0.56875 0.2421875 0.22109375 0.1546875
0 0.18828125 0.25859375 0.11875 0.1234375
0 0.06171875 0.41484375 0.12265625 0.11171875
0 0.05078125 0.2703125 0.1015625 0.096875
0 0.125 0.34296875 0.14140625 0.1203125
0 0.83046875 0.23125 0.32734375 0.16015625
0 0.33828125 0.25625 0.10625 0.12890625
0 0.42578125 0.5296875 0.83125 0.2109375
0 0.41015625 0.2421875 0.1125 0.12890625
0 0.03203125 0.5125 0.0640625 0.090625
0 0.271875 0.35625 0.15625 0.0921875