0 0.49921875 0.32265625 0.99375 0.58828125
0 0.834375 0.11328125 0.27734375 0.16953125
0 0.54296875 0.35703125 0.37265625 0.23203125
0 0.178125 0.5375 0.35625 0.1578125
0 0.85078125 0.52890625 0.29375 0.159375
0 0.85625 0.36796875 0.28359375 0.203125
0 0.17578125 0.3765625 0.3515625 0.196875
0 0.571875 0.11640625 0.24375 0.15078125
0 0.71875 0.23359375 0.34140625 0.16484375
0 0.33125 0.103125 0.24609375 0.15234375
0 0.11328125 0.1140625 0.2265625 0.115625
0 0.10859375 0.2140625 0.21640625 0.1828125
0 0.53203125 0.53203125 0.35625 0.1625
0 0.94140625 0.22578125 0.1125 0.13125
0 0.378125 0.23203125 0.34765625 0.19140625