0 0.42421875 0.35 0.39375 0.2453125
0 0.79296875 0.08984375 0.27265625 0.17890625
0 0.80625 0.3546875 0.37890625 0.22421875
0 0.42265625 0.53515625 0.375 0.1734375
0 0.80078125 0.53046875 0.38515625 0.16953125
0 0.51328125 0.096875 0.27265625 0.1625
0 0.115625 0.371875 0.23125 0.20859375
0 0.62734375 0.20703125 0.3625 0.19453125
0 0.11875 0.5421875 0.2375 0.1671875
0 0.49921875 0.3140625 0.99375 0.6234375
0 0.25703125 0.07265625 0.24765625 0.1359375
0 0.26171875 0.21875 0.37734375 0.2015625
0 0.9 0.2078125 0.19609375 0.16171875
0 0.0625 0.10546875 0.125 0.12890625
0 0.04765625 0.1984375 0.0953125 0.190625