0 0.5 0.40234375 0.99609375 0.4953125
0 0.60234375 0.52578125 0.22890625 0.16953125
0 0.81171875 0.5390625 0.24765625 0.20078125
0 0.1125 0.41484375 0.21640625 0.115625
0 0.878125 0.23359375 0.23515625 0.1625
0 0.96484375 0.5375 0.06640625 0.22890625
0 0.23359375 0.50234375 0.17109375 0.134375
0 0.52734375 0.3578125 0.18359375 0.10234375
0 0.08125 0.51484375 0.1625 0.09296875
0 0.40078125 0.5109375 0.20234375 0.15234375
0 0.365625 0.36328125 0.15625 0.08984375
0 0.3125 0.26171875 0.17109375 0.12734375
0 0.04375 0.2609375 0.0875 0.0953125
0 0.6625 0.24609375 0.22109375 0.15546875
0 0.47109375 0.25390625 0.18359375 0.14140625
0 0.90859375 0.3234375 0.175 0.17109375
0 0.93984375 0.7375 0.11640625 0.27265625
0 0.215625 0.3484375 0.15234375 0.12109375
0 0.71796875 0.34765625 0.21015625 0.1296875