0 0.734375 0.4796875 0.52265625 0.31640625
0 0.69609375 0.71171875 0.51640625 0.275
0 0.91953125 0.234375 0.15625 0.3109375
0 0.371875 0.50859375 0.21875 0.18984375
0 0.77578125 0.275 0.19765625 0.16484375
0 0.21875 0.21796875 0.225 0.1578125
0 0.49921875 0.478125 0.99375 0.78671875
0 0.05703125 0.21484375 0.1140625 0.1359375
0 0.090625 0.328125 0.18125 0.10625
0 0.165625 0.5015625 0.23125 0.171875
0 0.34609375 0.37109375 0.69140625 0.47265625
0 0.03515625 0.49453125 0.0703125 0.1484375
0 0.50625 0.30625 0.25 0.1578125
0 0.43984375 0.2140625 0.2375 0.15703125
0 0.96640625 0.7421875 0.0625 0.26796875
0 0.24296875 0.5078125 0.47734375 0.19453125
0 0.28984375 0.41953125 0.20859375 0.07421875
0 0.59765625 0.23515625 0.17890625 0.14296875
0 0.09375 0.4125 0.1875 0.07421875
0 0.46875 0.3296875 0.175 0.11171875
0 0.28125 0.325 0.20859375 0.1265625