0 0.32109375 0.5140625 0.2125 0.14140625
0 0.903125 0.534375 0.18984375 0.0921875
0 0.521875 0.51796875 0.20234375 0.14375
0 0.73125 0.52109375 0.225 0.153125
0 0.04609375 0.5296875 0.09140625 0.134375
0 0.14140625 0.4046875 0.2828125 0.384375
0 0.090625 0.30859375 0.18125 0.1890625
0 0.14375 0.35703125 0.075 0.09296875
0 0.49921875 0.40859375 0.99375 0.390625
0 0.03515625 0.34765625 0.0703125 0.0984375
0 0.08984375 0.35625 0.04609375 0.08046875
0 0.12578125 0.51328125 0.09375 0.11875
0 0.08125 0.2828125 0.06640625 0.0875
0 0.08828125 0.428125 0.1765625 0.06875
0 0.14296875 0.51015625 0.28515625 0.17109375
0 0.49765625 0.51328125 0.99140625 0.16875
0 0.22578125 0.4875 0.12265625 0.12890625