0 0.81484375 0.72734375 0.36640625 0.2890625
0 0.83828125 0.47265625 0.31875 0.35625
0 0.44296875 0.4578125 0.53515625 0.30546875
0 0.39921875 0.6890625 0.48515625 0.25
0 0.78046875 0.26640625 0.43125 0.2546875
0 0.20703125 0.35234375 0.4140625 0.4765625
0 0.09375 0.49375 0.1875 0.19375
0 0.49921875 0.46015625 0.99375 0.81953125
0 0.715625 0.12734375 0.31015625 0.1578125
0 0.50078125 0.265625 0.20625 0.17421875
0 0.16328125 0.19453125 0.25625 0.1578125
0 0.940625 0.09765625 0.11484375 0.10234375
0 0.19453125 0.31015625 0.18125 0.11796875
0 0.028125 0.1953125 0.05625 0.11640625
0 0.325 0.22265625 0.17890625 0.1546875
0 0.06171875 0.4046875 0.12265625 0.08046875
0 0.64765625 0.13984375 0.175 0.13125
0 0.05625 0.30625 0.1125 0.12890625