0 0.71796875 0.44375 0.55625 0.3609375
0 0.67265625 0.70078125 0.54140625 0.2703125
0 0.23359375 0.44375 0.46640625 0.2984375
0 0.88359375 0.22578125 0.22890625 0.31015625
0 0.20625 0.684375 0.4125 0.21328125
0 0.53671875 0.25234375 0.49375 0.25
0 0.76796875 0.1171875 0.32734375 0.1546875
0 0.49921875 0.43671875 0.99375 0.79375
0 0.24375 0.24296875 0.14140625 0.1578125
0 0.47578125 0.1078125 0.28984375 0.1359375
0 0.09140625 0.23515625 0.1828125 0.2203125
0 0.96328125 0.70546875 0.06875 0.2515625
0 0.06796875 0.190625 0.13515625 0.13125
0 0.240625 0.2 0.12734375 0.07421875
0 0.12890625 0.21953125 0.1125 0.12265625
0 0.49921875 0.20859375 0.99375 0.33984375