0 0.25546875 0.67890625 0.51015625 0.24140625
0 0.70390625 0.41640625 0.42890625 0.3015625
0 0.25234375 0.45546875 0.50390625 0.2890625
0 0.68671875 0.64140625 0.40625 0.2078125
0 0.79921875 0.26015625 0.34765625 0.2109375
0 0.66796875 0.12109375 0.26484375 0.13828125
0 0.49765625 0.40546875 0.99140625 0.79453125
0 0.12265625 0.09140625 0.2453125 0.1828125
0 0.93046875 0.625 0.13515625 0.16015625
0 0.95390625 0.42578125 0.0875 0.2546875
0 0.11171875 0.22734375 0.22265625 0.2546875
0 0.425 0.2453125 0.425 0.25
0 0.3875 0.0921875 0.3 0.125
0 0.11484375 0.03984375 0.22890625 0.07890625
0 0.459375 0.0984375 0.16484375 0.10234375