0 0.49375 0.39765625 0.98359375 0.50625
0 0.90625 0.5375 0.18359375 0.15078125
0 0.46875 0.5484375 0.27109375 0.1765625
0 0.75859375 0.378125 0.075 0.090625
0 0.26953125 0.4421875 0.26015625 0.134375
0 0.46640625 0.34765625 0.14609375 0.12890625
0 0.2375 0.54609375 0.23359375 0.14375
0 0.67578125 0.2921875 0.11875 0.1046875
0 0.72890625 0.52265625 0.0875 0.1296875
0 0.33203125 0.3375 0.13125 0.1140625
0 0.64140625 0.54453125 0.1125 0.12890625
0 0.07421875 0.3328125 0.14765625 0.11640625
0 0.07265625 0.44296875 0.1453125 0.1171875
0 0.06796875 0.5421875 0.13515625 0.10859375
0 0.359375 0.2265625 0.16015625 0.16484375
0 0.56640625 0.27109375 0.125 0.125