0 0.5 0.40390625 0.99609375 0.446875
0 0.259375 0.44375 0.26484375 0.15234375
0 0.121875 0.25 0.24375 0.14609375
0 0.25546875 0.5640625 0.26015625 0.11796875
0 0.50625 0.43984375 0.24140625 0.15078125
0 0.50234375 0.5625 0.24140625 0.10859375
0 0.72734375 0.5578125 0.225 0.10859375
0 0.73359375 0.46015625 0.22109375 0.1015625
0 0.06484375 0.43671875 0.12890625 0.16171875
0 0.91953125 0.4625 0.15625 0.1046875
0 0.91640625 0.5578125 0.1625 0.096875
0 0.65390625 0.3671875 0.19609375 0.090625
0 0.45390625 0.36015625 0.20859375 0.10703125
0 0.49921875 0.2609375 0.99375 0.1640625
0 0.06328125 0.56484375 0.1265625 0.1171875