0 0.58125 0.4140625 0.42109375 0.3015625
0 0.19609375 0.68125 0.39140625 0.24296875
0 0.190625 0.45546875 0.38125 0.2921875
0 0.56328125 0.63984375 0.40234375 0.20390625
0 0.86875 0.61640625 0.25859375 0.16171875
0 0.671875 0.259375 0.33984375 0.2125
0 0.49921875 0.40546875 0.99375 0.8015625
0 0.890625 0.44296875 0.21484375 0.19921875
0 0.54296875 0.12109375 0.26484375 0.140625
0 0.05625 0.08828125 0.1125 0.1765625
0 0.29765625 0.2390625 0.43359375 0.2546875
0 0.04609375 0.22265625 0.09140625 0.24296875
0 0.91171875 0.2609375 0.14765625 0.09296875
0 0.25859375 0.08828125 0.30859375 0.12734375
0 0.340625 0.096875 0.14375 0.10625
0 0.53203125 0.41484375 0.70234375 0.39765625