0 0.52890625 0.41328125 0.42109375 0.30078125
0 0.17109375 0.68203125 0.34140625 0.24375
0 0.165625 0.4546875 0.33125 0.29140625
0 0.51328125 0.63828125 0.40234375 0.20390625
0 0.83671875 0.61171875 0.29375 0.16484375
0 0.24375 0.20546875 0.44140625 0.32578125
0 0.49921875 0.41328125 0.99375 0.784375
0 0.86484375 0.44140625 0.26640625 0.20078125
0 0.49453125 0.11953125 0.26015625 0.140625
0 0.62109375 0.2609375 0.34140625 0.21015625
0 0.03046875 0.08828125 0.06015625 0.1765625
0 0.85546875 0.2609375 0.13515625 0.0921875
0 0.01953125 0.25390625 0.0390625 0.1796875
0 0.20625 0.08515625 0.3125 0.12890625
0 0.95703125 0.265625 0.08125 0.08359375
0 0.928125 0.33046875 0.13515625 0.0609375
0 0.290625 0.09453125 0.14765625 0.10390625
0 0.51953125 0.4359375 0.67734375 0.46796875