0 0.36015625 0.51484375 0.2125 0.140625
0 0.15625 0.4109375 0.3125 0.4234375
0 0.915625 0.515625 0.16484375 0.134375
0 0.56015625 0.51953125 0.2 0.1453125
0 0.62421875 0.5203125 0.73984375 0.1578125
0 0.77109375 0.52265625 0.225 0.1546875
0 0.49921875 0.4140625 0.99375 0.43125
0 0.18203125 0.3578125 0.07734375 0.09296875
0 0.115625 0.3546875 0.21015625 0.09765625
0 0.12265625 0.43046875 0.19140625 0.07109375
0 0.16171875 0.50625 0.10625 0.13203125
0 0.06640625 0.3515625 0.09609375 0.09453125
0 0.16171875 0.51171875 0.31875 0.171875
0 0.11171875 0.30859375 0.22265625 0.1921875
0 0.071875 0.52890625 0.13125 0.1359375
0 0.26328125 0.4890625 0.11875 0.12734375
0 0.9125 0.4703125 0.16640625 0.04453125