0 0.49921875 0.36640625 0.99375 0.5
0 0.215625 0.40078125 0.31484375 0.19140625
0 0.51328125 0.41015625 0.28984375 0.1578125
0 0.11875 0.28984375 0.2375 0.16171875
0 0.43125 0.1796875 0.20859375 0.13359375
0 0.51875 0.534375 0.3 0.13203125
0 0.79765625 0.38359375 0.2875 0.1828125
0 0.36796875 0.290625 0.26875 0.14296875
0 0.79375 0.5234375 0.275 0.12265625
0 0.87578125 0.2921875 0.24375 0.1140625
0 0.21796875 0.18828125 0.21875 0.1140625
0 0.84765625 0.18125 0.2125 0.11796875
0 0.62578125 0.2875 0.26875 0.14609375
0 0.05546875 0.1859375 0.11015625 0.1140625
0 0.21328125 0.54609375 0.31484375 0.13671875
0 0.63984375 0.18046875 0.21640625 0.10625