0 0.33984375 0.5953125 0.52109375 0.234375
0 0.3625 0.359375 0.625 0.31640625
0 0.80234375 0.16953125 0.3875 0.21953125
0 0.634375 0.5234375 0.16875 0.203125
0 0.49921875 0.3578125 0.99375 0.71328125
0 0.34765625 0.065625 0.29140625 0.13125
0 0.51328125 0.1921875 0.19375 0.13203125
0 0.215625 0.16640625 0.43125 0.23828125
0 0.84921875 0.48515625 0.29375 0.14296875
0 0.06015625 0.58125 0.1203125 0.190625
0 0.82578125 0.35078125 0.33984375 0.16640625
0 0.60546875 0.3546875 0.14375 0.2171875
0 0.10546875 0.03828125 0.21015625 0.0765625
0 0.50546875 0.33203125 0.34375 0.26328125
0 0.03984375 0.38671875 0.07890625 0.22421875
0 0.80390625 0.309375 0.38359375 0.4984375
0 0.91953125 0.34765625 0.15234375 0.1625
0 0.21796875 0.35859375 0.43515625 0.62734375
0 0.68984375 0.071875 0.425 0.14375