0 0.784375 0.11875 0.24765625 0.1359375
0 0.15390625 0.2296875 0.30390625 0.18125
0 0.10703125 0.12734375 0.2140625 0.1203125
0 0.321875 0.11796875 0.22734375 0.1484375
0 0.28984375 0.3734375 0.34609375 0.1828125
0 0.30078125 0.515625 0.34375 0.1484375
0 0.62890625 0.34921875 0.33359375 0.20546875
0 0.753125 0.24140625 0.29765625 0.13203125
0 0.54609375 0.1296875 0.225 0.14140625
0 0.88515625 0.49609375 0.225 0.13359375
0 0.453125 0.2375 0.31015625 0.1734375
0 0.62421875 0.5046875 0.31484375 0.14140625
0 0.890625 0.35234375 0.21484375 0.18046875
0 0.065625 0.36015625 0.13125 0.21328125
0 0.06875 0.525 0.1375 0.14140625
0 0.94609375 0.21015625 0.10390625 0.140625