0 0.49765625 0.33671875 0.9953125 0.5390625
0 0.35546875 0.38515625 0.33125 0.178125
0 0.67734375 0.3640625 0.32109375 0.18515625
0 0.33984375 0.13828125 0.22109375 0.14609375
0 0.7875 0.13359375 0.24609375 0.12734375
0 0.115625 0.15 0.23125 0.1234375
0 0.36796875 0.52265625 0.33125 0.14296875
0 0.10078125 0.37421875 0.2015625 0.2140625
0 0.209375 0.24453125 0.30625 0.17578125
0 0.675 0.509375 0.30390625 0.134375
0 0.90703125 0.49765625 0.18125 0.125
0 0.78515625 0.25234375 0.28359375 0.13203125
0 0.10390625 0.53515625 0.2078125 0.1421875
0 0.91484375 0.36640625 0.16640625 0.15703125
0 0.49921875 0.25078125 0.29765625 0.16640625
0 0.559375 0.1453125 0.22265625 0.13203125
0 0.95390625 0.21875 0.0875 0.1359375
0 0.03125 0.2421875 0.0625 0.16171875