0 0.37890625 0.38984375 0.7578125 0.5015625
0 0.37109375 0.54453125 0.275 0.17578125
0 0.828125 0.53671875 0.22734375 0.1390625
0 0.16484375 0.43828125 0.26640625 0.13828125
0 0.96484375 0.5609375 0.06640625 0.11171875
0 0.221875 0.2203125 0.25234375 0.16484375
0 0.36328125 0.3421875 0.14765625 0.1296875
0 0.659375 0.37578125 0.06875 0.090625
0 0.546875 0.53828125 0.11015625 0.13125
0 0.63359375 0.5171875 0.08359375 0.13125
0 0.475 0.3609375 0.0875 0.0921875
0 0.15625 0.31796875 0.275 0.14765625
0 0.12734375 0.5421875 0.25 0.15234375