0 0.11640625 0.37734375 0.2328125 0.2140625
0 0.384375 0.38828125 0.32265625 0.17578125
0 0.70078125 0.36640625 0.31875 0.18515625
0 0.39453125 0.52421875 0.32734375 0.14296875
0 0.35234375 0.14375 0.22109375 0.14609375
0 0.11875 0.5390625 0.2375 0.14140625
0 0.23671875 0.2578125 0.30234375 0.159375
0 0.125 0.15546875 0.24140625 0.12265625
0 0.80234375 0.13828125 0.23359375 0.1234375
0 0.69921875 0.5109375 0.30234375 0.13359375
0 0.80546875 0.2484375 0.28515625 0.14609375
0 0.91796875 0.5015625 0.16015625 0.12109375
0 0.925 0.36328125 0.14609375 0.1671875
0 0.52265625 0.25625 0.29609375 0.159375
0 0.575 0.14765625 0.22890625 0.1265625
0 0.959375 0.2203125 0.07734375 0.1296875
0 0.04609375 0.2578125 0.09140625 0.1359375