0 0.25546875 0.53984375 0.28125 0.18125
0 0.71015625 0.5265625 0.22109375 0.14296875
0 0.33046875 0.38515625 0.66015625 0.51328125
0 0.90234375 0.53515625 0.1875 0.15078125
0 0.0875 0.43359375 0.175 0.140625
0 0.10625 0.2578125 0.2125 0.2609375
0 0.540625 0.37109375 0.07265625 0.08828125
0 0.24453125 0.3375 0.15625 0.13203125
0 0.41953125 0.525 0.13515625 0.1484375
0 0.434375 0.3640625 0.08515625 0.090625
0 0.51796875 0.51171875 0.08125 0.13203125
0 0.35703125 0.35703125 0.09375 0.09296875
0 0.10703125 0.3296875 0.13125 0.11640625
0 0.36796875 0.28125 0.07734375 0.0859375
0 0.6125 0.4984375 0.12109375 0.1234375
0 0.37265625 0.3328125 0.40859375 0.27734375
0 0.26953125 0.2703125 0.12265625 0.096875
0 0.290625 0.2734375 0.57734375 0.2875
0 0.06328125 0.5625 0.1265625 0.134375