0 0.72421875 0.0859375 0.27734375 0.171875
0 0.29921875 0.34765625 0.41015625 0.24765625
0 0.70546875 0.35 0.40234375 0.23125
0 0.43984375 0.08515625 0.28359375 0.16953125
0 0.49921875 0.315625 0.99375 0.63125
0 0.30625 0.53671875 0.39609375 0.18359375
0 0.521875 0.19375 0.37734375 0.20625
0 0.16796875 0.2078125 0.33515625 0.2125
0 0.17109375 0.0734375 0.2640625 0.146875
0 0.85234375 0.19609375 0.29140625 0.17421875
0 0.70234375 0.53125 0.4 0.17578125
0 0.93671875 0.3421875 0.09765625 0.12890625
0 0.93203125 0.44765625 0.08515625 0.11875
0 0.05390625 0.378125 0.1078125 0.184375
0 0.05859375 0.54453125 0.11640625 0.1734375
0 0.84609375 0.3109375 0.28359375 0.1921875