0 0.49921875 0.4 0.99765625 0.44375
0 0.26015625 0.54765625 0.23359375 0.1140625
0 0.07578125 0.421875 0.1515625 0.165625
0 0.47890625 0.44609375 0.2 0.1109375
0 0.26171875 0.44375 0.23984375 0.10703125
0 0.07421875 0.55859375 0.14765625 0.115625
0 0.09140625 0.24609375 0.1828125 0.1296875
0 0.28046875 0.2734375 0.19765625 0.09453125
0 0.47421875 0.5421875 0.20234375 0.096875
0 0.93828125 0.34375 0.11875 0.1140625
0 0.44453125 0.3390625 0.23984375 0.1359375
0 0.65703125 0.5421875 0.16875 0.0875
0 0.17578125 0.34453125 0.21484375 0.09453125
0 0.66171875 0.45703125 0.16875 0.08828125