0 0.415625 0.35234375 0.56875 0.3078125
0 0.403125 0.58359375 0.49375 0.22421875
0 0.25078125 0.16953125 0.44765625 0.23359375
0 0.49921875 0.35 0.99375 0.696875
0 0.07890625 0.37421875 0.1578125 0.2484375
0 0.65703125 0.07578125 0.34375 0.15078125
0 0.80625 0.178125 0.37890625 0.2078125
0 0.671875 0.51484375 0.13515625 0.18984375
0 0.09296875 0.58046875 0.18515625 0.20625
0 0.86015625 0.465625 0.27109375 0.16484375
0 0.83671875 0.34921875 0.32265625 0.1578125
0 0.35546875 0.06796875 0.29375 0.1359375
0 0.10859375 0.06484375 0.21640625 0.1296875
0 0.53828125 0.1890625 0.16484375 0.115625
0 0.10859375 0.1296875 0.21640625 0.259375
0 0.56953125 0.3296875 0.26015625 0.25390625