0 0.49921875 0.4015625 0.99765625 0.44921875
0 0.91171875 0.35390625 0.17265625 0.10859375
0 0.93671875 0.54375 0.12265625 0.1484375
0 0.78984375 0.51484375 0.21640625 0.15703125
0 0.50546875 0.4140625 0.20234375 0.1203125
0 0.12265625 0.32578125 0.22109375 0.12265625
0 0.10234375 0.24609375 0.20390625 0.1140625
0 0.80703125 0.25 0.38125 0.15078125
0 0.75390625 0.3640625 0.1625 0.0875
0 0.46640625 0.5125 0.15859375 0.090625
0 0.61640625 0.50390625 0.16640625 0.13359375
0 0.11015625 0.50078125 0.21640625 0.09296875
0 0.11171875 0.42265625 0.21484375 0.09296875