0 0.49921875 0.32578125 0.99375 0.5765625
0 0.12109375 0.190625 0.24140625 0.25390625
0 0.83203125 0.12265625 0.26875 0.16484375
0 0.56875 0.35859375 0.3625 0.23125
0 0.575 0.12578125 0.2375 0.15
0 0.3375 0.11171875 0.24140625 0.153125
0 0.86171875 0.528125 0.27265625 0.153125
0 0.20546875 0.53359375 0.36484375 0.159375
0 0.196875 0.38046875 0.37265625 0.19453125
0 0.86640625 0.371875 0.2625 0.196875
0 0.55859375 0.53125 0.34609375 0.159375
0 0.40234375 0.23828125 0.34140625 0.1890625
0 0.734375 0.23203125 0.33125 0.18046875
0 0.115625 0.12265625 0.23125 0.1203125
0 0.94375 0.2359375 0.10859375 0.14140625
0 0.01640625 0.52421875 0.0328125 0.1359375