0 0.49765625 0.39375 0.9953125 0.44375
0 0.17109375 0.4234375 0.26640625 0.16015625
0 0.06015625 0.2359375 0.1203125 0.140625
0 0.40703125 0.5453125 0.22265625 0.11171875
0 0.16953125 0.55390625 0.26484375 0.1140625
0 0.62109375 0.44609375 0.2 0.10859375
0 0.41015625 0.44609375 0.225 0.1
0 0.428125 0.27890625 0.18984375 0.090625
0 0.615625 0.54140625 0.19765625 0.09453125
0 0.79453125 0.37265625 0.18125 0.0875
0 0.80078125 0.5421875 0.17265625 0.0859375
0 0.49765625 0.25078125 0.9953125 0.1609375
0 0.93984375 0.35703125 0.1125 0.0921875
0 0.11484375 0.33984375 0.22890625 0.1140625
0 0.33046875 0.3484375 0.20234375 0.090625
0 0.80390625 0.45703125 0.175 0.08828125
0 0.025 0.4359375 0.05 0.15
0 0.94140625 0.53203125 0.1125 0.09453125