0 0.32890625 0.5953125 0.525 0.23671875
0 0.3 0.36015625 0.525 0.3125
0 0.65546875 0.0703125 0.36484375 0.140625
0 0.49921875 0.3578125 0.99375 0.715625
0 0.63046875 0.5234375 0.17265625 0.203125
0 0.825 0.34921875 0.34140625 0.1671875
0 0.34296875 0.065625 0.29765625 0.13125
0 0.50859375 0.190625 0.19609375 0.13359375
0 0.8 0.16953125 0.39140625 0.21953125
0 0.846875 0.4828125 0.29765625 0.14765625
0 0.59921875 0.35390625 0.14765625 0.21953125
0 0.05546875 0.58046875 0.11015625 0.19140625
0 0.21171875 0.1640625 0.42265625 0.23828125
0 0.53984375 0.3328125 0.26640625 0.259375
0 0.03359375 0.38828125 0.06640625 0.2203125
0 0.37578125 0.4546875 0.68125 0.515625
0 0.10390625 0.034375 0.2078125 0.06875
0 0.2125 0.3546875 0.425 0.634375