0 0.49765625 0.40078125 0.9953125 0.4671875
0 0.88984375 0.44921875 0.21640625 0.1296875
0 0.878125 0.5609375 0.23125 0.11875
0 0.203125 0.54453125 0.21875 0.10390625
0 0.20703125 0.44375 0.21875 0.115625
0 0.04921875 0.54921875 0.09765625 0.1203125
0 0.38671875 0.36875 0.18515625 0.08984375
0 0.68828125 0.5421875 0.16875 0.1046875
0 0.17109375 0.3515625 0.25390625 0.10390625
0 0.39921875 0.45546875 0.17265625 0.08828125
0 0.70625 0.44921875 0.175 0.10859375
0 0.70625 0.3421875 0.18359375 0.109375
0 0.05 0.4359375 0.1 0.115625
0 0.396875 0.5421875 0.17265625 0.08828125
0 0.88828125 0.340625 0.21484375 0.1109375