0 0.49765625 0.3890625 0.99140625 0.77578125
0 0.28671875 0.56328125 0.29765625 0.23671875
0 0.21328125 0.36875 0.33125 0.2546875
0 0.54375 0.3640625 0.39609375 0.18984375
0 0.09921875 0.6421875 0.19765625 0.26796875
0 0.20078125 0.1890625 0.27734375 0.15546875
0 0.54140625 0.1546875 0.42109375 0.25703125
0 0.57578125 0.52109375 0.34765625 0.153125
0 0.075 0.39375 0.15 0.28984375
0 0.465625 0.06484375 0.53125 0.1296875
0 0.80234375 0.203125 0.12109375 0.15078125
0 0.8 0.353125 0.1375 0.15703125
0 0.92109375 0.22890625 0.13359375 0.125
0 0.95546875 0.33828125 0.07265625 0.10625
0 0.11484375 0.07890625 0.22890625 0.1578125
0 0.21796875 0.50390625 0.43125 0.5375