0 0.38203125 0.38984375 0.7640625 0.5046875
0 0.35234375 0.54296875 0.275 0.178125
0 0.81171875 0.5375 0.22734375 0.1359375
0 0.14609375 0.43828125 0.27109375 0.1359375
0 0.95390625 0.56015625 0.0875 0.1109375
0 0.115625 0.55625 0.23125 0.13359375
0 0.34375 0.340625 0.14609375 0.1296875
0 0.63984375 0.3734375 0.07109375 0.08828125
0 0.20078125 0.21953125 0.25234375 0.16484375
0 0.20859375 0.33046875 0.13359375 0.11875
0 0.52734375 0.53515625 0.10859375 0.134375
0 0.45546875 0.36015625 0.08515625 0.09296875
0 0.07578125 0.3140625 0.14765625 0.14140625
0 0.53359375 0.36796875 0.075 0.08984375
0 0.03984375 0.26484375 0.07890625 0.20390625
0 0.61484375 0.515625 0.08359375 0.13125
0 0.33671875 0.44296875 0.12265625 0.08125