0 0.49921875 0.35625 0.99375 0.7078125
0 0.39375 0.5375 0.4 0.203125
0 0.33515625 0.13984375 0.44140625 0.22734375
0 0.33984375 0.35703125 0.4625 0.2296875
0 0.90234375 0.13515625 0.19140625 0.2484375
0 0.67421875 0.13125 0.32265625 0.25625
0 0.06484375 0.1234375 0.12890625 0.24609375
0 0.684375 0.33984375 0.28515625 0.17890625
0 0.11171875 0.57265625 0.22265625 0.24375
0 0.69296875 0.4921875 0.26015625 0.16640625
0 0.90390625 0.46015625 0.18359375 0.14296875
0 0.903125 0.32578125 0.18515625 0.15234375
0 0.08359375 0.36171875 0.16640625 0.23828125
0 0.49921875 0.13125 0.98984375 0.2609375