0 0.5 0.41015625 0.99609375 0.4421875
0 0.23984375 0.25625 0.24140625 0.14765625
0 0.121875 0.56875 0.24375 0.115625
0 0.6125 0.56875 0.24140625 0.10859375
0 0.11796875 0.3375 0.23515625 0.13125
0 0.36875 0.565625 0.25390625 0.11640625
0 0.375 0.44609375 0.25859375 0.15234375
0 0.61875 0.4484375 0.2375 0.1453125
0 0.83984375 0.565625 0.23359375 0.109375
0 0.56640625 0.3640625 0.20859375 0.10390625
0 0.875 0.28125 0.20859375 0.13125
0 0.12265625 0.44296875 0.2453125 0.1546875
0 0.67421875 0.2828125 0.20625 0.12109375
0 0.465625 0.26796875 0.21875 0.140625
0 0.76875 0.37109375 0.2 0.0875
0 0.35 0.36015625 0.22890625 0.09765625
0 0.55625 0.26640625 0.87890625 0.16015625
0 0.18671875 0.25859375 0.13515625 0.11796875
0 0.84765625 0.453125 0.23359375 0.1296875