0 0.49765625 0.409375 0.9953125 0.5
0 0.79453125 0.56171875 0.28984375 0.1828125
0 0.596875 0.4515625 0.25234375 0.1296875
0 0.5625 0.5609375 0.22109375 0.11875
0 0.66484375 0.23828125 0.24140625 0.1578125
0 0.08359375 0.55 0.16640625 0.0953125
0 0.084375 0.4578125 0.16875 0.09296875
0 0.8 0.35234375 0.15390625 0.1359375
0 0.38046875 0.54375 0.16875 0.10390625
0 0.94453125 0.5515625 0.10234375 0.1546875
0 0.39375 0.3453125 0.18359375 0.1140625
0 0.39453125 0.4515625 0.17265625 0.1109375
0 0.23125 0.3546875 0.14609375 0.096875
0 0.08046875 0.3671875 0.16015625 0.09296875
0 0.6625 0.34765625 0.12890625 0.115625
0 0.86015625 0.46015625 0.27109375 0.08515625
0 0.23671875 0.534375 0.14375 0.09453125
0 0.240625 0.44921875 0.14375 0.1015625