0 0.49140625 0.34375 0.97890625 0.68515625
0 0.42421875 0.35390625 0.51875 0.296875
0 0.42421875 0.57578125 0.47734375 0.21484375
0 0.775 0.18984375 0.375 0.1984375
0 0.640625 0.078125 0.3875 0.15625
0 0.09375 0.3734375 0.1875 0.25390625
0 0.10625 0.57890625 0.2125 0.2078125
0 0.82890625 0.46015625 0.2375 0.1625
0 0.80546875 0.35 0.30625 0.15546875
0 0.31953125 0.065625 0.29765625 0.13125
0 0.31328125 0.178125 0.54765625 0.2265625
0 0.67265625 0.50703125 0.1 0.1765625
0 0.09140625 0.12890625 0.1828125 0.2578125
0 0.43359375 0.3890625 0.6875 0.4671875