0 0.49921875 0.3546875 0.99375 0.70625
0 0.31484375 0.13125 0.45859375 0.2359375
0 0.66328125 0.12890625 0.33125 0.25
0 0.37890625 0.5375 0.40859375 0.20625
0 0.31875 0.35234375 0.48359375 0.234375
0 0.89453125 0.12578125 0.20625 0.2515625
0 0.67578125 0.33515625 0.29375 0.18125
0 0.68046875 0.49609375 0.27265625 0.159375
0 0.05078125 0.11953125 0.1015625 0.2390625
0 0.896875 0.32421875 0.19765625 0.1578125
0 0.1 0.53359375 0.2 0.3125
0 0.07578125 0.35390625 0.1515625 0.2359375
0 0.90078125 0.46015625 0.18984375 0.14609375
0 0.37734375 0.03828125 0.4 0.0765625