0 0.49921875 0.353125 0.99375 0.70625
0 0.23984375 0.34296875 0.47890625 0.25
0 0.23125 0.11640625 0.4625 0.2328125
0 0.28046875 0.5421875 0.46484375 0.215625
0 0.88125 0.12109375 0.23359375 0.234375
0 0.6 0.11875 0.38125 0.2375
0 0.88046875 0.3140625 0.23125 0.16875
0 0.615625 0.3234375 0.34765625 0.18984375
0 0.88359375 0.4578125 0.225 0.15234375
0 0.62734375 0.4921875 0.30859375 0.18046875
0 0.03515625 0.52265625 0.0703125 0.3078125
0 0.25390625 0.32734375 0.50390625 0.65234375
0 0.86796875 0.04296875 0.25625 0.0859375