0 0.6875 0.0828125 0.28125 0.165625
0 0.23359375 0.33984375 0.425 0.2609375
0 0.65 0.5296875 0.40859375 0.178125
0 0.64921875 0.3359375 0.40625 0.25234375
0 0.81796875 0.1890625 0.30625 0.18359375
0 0.13984375 0.1984375 0.27890625 0.215625
0 0.246875 0.53515625 0.40625 0.18984375
0 0.4 0.078125 0.2875 0.15625
0 0.47109375 0.184375 0.3875 0.2109375
0 0.13125 0.075 0.2625 0.15
0 0.49765625 0.315625 0.99140625 0.63125
0 0.89140625 0.44375 0.10859375 0.12265625
0 0.97734375 0.22421875 0.04140625 0.12265625
0 0.89453125 0.33828125 0.12265625 0.134375
0 0.97109375 0.3234375 0.05390625 0.08046875
0 0.96640625 0.40234375 0.0625 0.0828125
0 0.02109375 0.38125 0.04140625 0.159375
0 0.02578125 0.534375 0.0515625 0.159375
0 0.81640625 0.30546875 0.28359375 0.203125
0 0.403125 0.03984375 0.28125 0.0796875