0 0.49921875 0.3640625 0.99375 0.72734375
0 0.78515625 0.13046875 0.42109375 0.2609375
0 0.41875 0.35078125 0.4125 0.21796875
0 0.47109375 0.52109375 0.34609375 0.19375
0 0.42578125 0.1453125 0.37265625 0.2109375
0 0.12890625 0.12265625 0.2578125 0.2453125
0 0.14375 0.36640625 0.2875 0.259375
0 0.90546875 0.140625 0.18515625 0.2359375
0 0.71796875 0.33515625 0.23125 0.16640625
0 0.90859375 0.32578125 0.175 0.14765625
0 0.90703125 0.45078125 0.16875 0.13671875
0 0.72109375 0.48203125 0.22109375 0.15234375
0 0.16484375 0.57578125 0.32890625 0.23828125
0 0.49921875 0.1296875 0.98984375 0.25703125
0 0.44296875 0.04609375 0.39765625 0.0921875
0 0.71640625 0.04921875 0.27109375 0.09765625
0 0.70859375 0.175 0.26640625 0.16875