0 0.49921875 0.32109375 0.99375 0.56640625
0 0.58984375 0.3515625 0.35390625 0.2265625
0 0.225 0.37421875 0.36640625 0.18984375
0 0.82265625 0.12109375 0.25 0.1578125
0 0.33125 0.109375 0.23359375 0.15078125
0 0.23359375 0.525 0.3625 0.15703125
0 0.56484375 0.1265625 0.2375 0.15078125
0 0.86875 0.51640625 0.25859375 0.1484375
0 0.58046875 0.52109375 0.33984375 0.153125
0 0.73984375 0.23203125 0.31640625 0.16875
0 0.875 0.3640625 0.24609375 0.19140625
0 0.41875 0.2375 0.32890625 0.1828125
0 0.94609375 0.23046875 0.10390625 0.13828125
0 0.115625 0.11640625 0.23125 0.11328125
0 0.13125 0.2296875 0.2625 0.17109375
0 0.03203125 0.52265625 0.0640625 0.1390625
0 0.03046875 0.3859375 0.06015625 0.15