0 0.49921875 0.3625 0.99375 0.72265625
0 0.15859375 0.59453125 0.31640625 0.2546875
0 0.128125 0.3828125 0.25625 0.27734375
0 0.109375 0.20078125 0.21875 0.171875
0 0.46640625 0.5421875 0.3875 0.17109375
0 0.43203125 0.15703125 0.45234375 0.27109375
0 0.42578125 0.37890625 0.43125 0.2015625
0 0.36953125 0.06640625 0.57734375 0.13203125
0 0.71484375 0.3671875 0.1625 0.16640625
0 0.98046875 0.2125 0.03515625 0.15234375
0 0.86953125 0.23125 0.16015625 0.1390625
0 0.71875 0.21171875 0.15390625 0.15703125
0 0.83203125 0.3578125 0.09375 0.12890625
0 0.725 0.50234375 0.15390625 0.14375
0 0.909375 0.35234375 0.08515625 0.109375