0 0.49921875 0.40078125 0.99765625 0.44609375
0 0.80078125 0.5140625 0.21875 0.1578125
0 0.91796875 0.35390625 0.16015625 0.10859375
0 0.94296875 0.53515625 0.11015625 0.16171875
0 0.81484375 0.25 0.3625 0.15078125
0 0.63046875 0.50390625 0.17265625 0.134375
0 0.47890625 0.5125 0.15859375 0.090625
0 0.10859375 0.2453125 0.21640625 0.11328125
0 0.13671875 0.32734375 0.21875 0.11640625
0 0.51640625 0.41484375 0.2 0.11875
0 0.68984375 0.26640625 0.1125 0.12265625
0 0.76640625 0.3640625 0.1625 0.0859375
0 0.125 0.4984375 0.225 0.09765625
0 0.125 0.4234375 0.2125 0.0921875