0 0.49375 0.40234375 0.98359375 0.5046875
0 0.54921875 0.55078125 0.27265625 0.17890625
0 0.94609375 0.54609375 0.10390625 0.14375
0 0.35234375 0.44765625 0.25390625 0.12890625
0 0.31953125 0.5453125 0.22734375 0.140625
0 0.8125 0.52734375 0.08359375 0.12890625
0 0.28671875 0.31953125 0.14765625 0.1484375
0 0.840625 0.3828125 0.07265625 0.090625
0 0.41875 0.33984375 0.12109375 0.11796875
0 0.134375 0.33671875 0.19765625 0.1140625
0 0.54921875 0.3515625 0.14765625 0.125
0 0.12890625 0.5421875 0.17890625 0.10859375
0 0.9 0.5125 0.14140625 0.12890625
0 0.140625 0.44765625 0.18125 0.1140625
0 0.73046875 0.5484375 0.10625 0.12734375