0 0.221875 0.4015625 0.31484375 0.18984375
0 0.51796875 0.41015625 0.28984375 0.1578125
0 0.21953125 0.5453125 0.31015625 0.1359375
0 0.12109375 0.296875 0.24140625 0.14375
0 0.803125 0.38359375 0.28515625 0.18046875
0 0.43515625 0.18125 0.20859375 0.13359375
0 0.878125 0.28671875 0.23984375 0.12734375
0 0.52421875 0.534375 0.29765625 0.1296875
0 0.225 0.1890625 0.21640625 0.11171875
0 0.85078125 0.18125 0.21015625 0.11796875
0 0.37109375 0.2921875 0.27109375 0.14296875
0 0.05703125 0.18515625 0.1140625 0.1140625
0 0.79921875 0.5234375 0.27265625 0.12265625
0 0.63203125 0.29140625 0.26484375 0.1390625
0 0.64375 0.18515625 0.21640625 0.11328125