0 0.49921875 0.3234375 0.99375 0.56953125
0 0.82734375 0.12265625 0.2625 0.16015625
0 0.21171875 0.378125 0.36875 0.1921875
0 0.21953125 0.5296875 0.36484375 0.1578125
0 0.33203125 0.1109375 0.23984375 0.1484375
0 0.58046875 0.3609375 0.36015625 0.2171875
0 0.57109375 0.1265625 0.2375 0.15078125
0 0.86484375 0.52265625 0.26640625 0.15078125
0 0.56875 0.5265625 0.34140625 0.15703125
0 0.87109375 0.36953125 0.25390625 0.1921875
0 0.11875 0.1234375 0.2375 0.1234375
0 0.4125 0.2390625 0.33359375 0.18359375
0 0.73828125 0.23125 0.32265625 0.1765625
0 0.12734375 0.24375 0.25390625 0.14375
0 0.94453125 0.23515625 0.10625 0.1453125
0 0.025 0.525 0.05 0.1359375
0 0.02265625 0.3875 0.0453125 0.15