0 0.52421875 0.4078125 0.94375 0.43984375
0 0.203125 0.43984375 0.27265625 0.15546875
0 0.2 0.5609375 0.275 0.11640625
0 0.45859375 0.56328125 0.25 0.11640625
0 0.70234375 0.56640625 0.24609375 0.11328125
0 0.20859375 0.33515625 0.24140625 0.12890625
0 0.709375 0.44375 0.24375 0.153125
0 0.90625 0.565625 0.18359375 0.1140625
0 0.590625 0.27265625 0.15234375 0.1265625
0 0.86328125 0.36875 0.20234375 0.090625
0 0.50390625 0.25859375 0.1125 0.1265625
0 0.46640625 0.44609375 0.25859375 0.153125
0 0.76875 0.28984375 0.20859375 0.09921875
0 0.33515625 0.25625 0.2375 0.14609375
0 0.65703125 0.3625 0.21015625 0.1046875
0 0.03984375 0.421875 0.07890625 0.11640625
0 0.44140625 0.359375 0.225 0.0953125
0 0.934375 0.2984375 0.12734375 0.08984375
0 0.91171875 0.44453125 0.17265625 0.14375
0 0.28359375 0.25703125 0.1375 0.115625
0 0.60546875 0.265625 0.78125 0.15546875
0 0.03671875 0.5515625 0.07265625 0.11328125
0 0.92734375 0.23671875 0.1375 0.0515625