0 0.14921875 0.4046875 0.29765625 0.16015625
0 0.43359375 0.39375 0.28359375 0.1765625
0 0.70625 0.403125 0.27109375 0.1484375
0 0.19453125 0.20078125 0.20625 0.12890625
0 0.08515625 0.2875 0.1703125 0.13125
0 0.39765625 0.19296875 0.20390625 0.109375
0 0.59921875 0.18359375 0.20625 0.1234375
0 0.70546875 0.5203125 0.28515625 0.12265625
0 0.30546875 0.2953125 0.27265625 0.140625
0 0.5625 0.2921875 0.25 0.13359375
0 0.42265625 0.52734375 0.27890625 0.125
0 0.81015625 0.28984375 0.25390625 0.13359375
0 0.14375 0.5328125 0.28359375 0.1296875
0 0.91796875 0.37890625 0.16015625 0.1734375
0 0.91640625 0.51171875 0.1625 0.11796875
0 0.946875 0.184375 0.10234375 0.1140625
0 0.80078125 0.18359375 0.19765625 0.1015625
0 0.75234375 0.18046875 0.10859375 0.09453125
0 0.96328125 0.2859375 0.06875 0.1