0 0.47890625 0.6734375 0.52109375 0.240625
0 0.49921875 0.4125 0.99375 0.8109375
0 0.85859375 0.42109375 0.27890625 0.3109375
0 0.48828125 0.45625 0.50234375 0.28046875
0 0.121875 0.42421875 0.24375 0.36875
0 0.853125 0.65 0.28984375 0.215625
0 0.23671875 0.2359375 0.45625 0.2546875
0 0.33984375 0.0953125 0.30390625 0.1828125
0 0.09921875 0.0953125 0.19765625 0.1546875
0 0.109375 0.69609375 0.21875 0.240625
0 0.890625 0.1875 0.21484375 0.278125
0 0.63359375 0.0953125 0.3 0.11875
0 0.88984375 0.11328125 0.2125 0.1296875
0 0.93515625 0.2390625 0.125 0.18046875
0 0.70546875 0.1 0.16484375 0.10234375
0 0.67265625 0.246875 0.425 0.2515625