0 0.496875 0.403125 0.98984375 0.49765625
0 0.63359375 0.5546875 0.275 0.18046875
0 0.4375 0.4484375 0.25 0.13125
0 0.40625 0.55625 0.22109375 0.12109375
0 0.81171875 0.5453125 0.11875 0.1453125
0 0.83984375 0.37890625 0.125 0.0921875
0 0.034375 0.25234375 0.06875 0.10625
0 0.50703125 0.3453125 0.11484375 0.1140625
0 0.21875 0.54296875 0.175 0.1046875
0 0.90234375 0.5328125 0.0875 0.13125
0 0.23046875 0.44921875 0.17265625 0.1109375
0 0.95859375 0.52265625 0.07890625 0.1203125
0 0.22734375 0.33984375 0.1875 0.11328125
0 0.075 0.4453125 0.14609375 0.1046875
0 0.07265625 0.534375 0.1453125 0.096875