0 0.53984375 0.4328125 0.54609375 0.35390625
0 0.5 0.68515625 0.525 0.259375
0 0.87578125 0.69609375 0.24375 0.26328125
0 0.146875 0.440625 0.29375 0.2984375
0 0.12265625 0.6796875 0.2453125 0.215625
0 0.89296875 0.475 0.21015625 0.2875
0 0.49921875 0.42421875 0.99375 0.80859375
0 0.79375 0.2484375 0.40390625 0.2546875
0 0.61171875 0.11015625 0.35625 0.15
0 0.36328125 0.20078125 0.48125 0.3328125
0 0.875 0.0921875 0.24609375 0.1578125
0 0.071875 0.234375 0.14375 0.1671875
0 0.30390625 0.096875 0.2875 0.1296875