0 0.49765625 0.3671875 0.9953125 0.49375
0 0.2875 0.40234375 0.30390625 0.18046875
0 0.85390625 0.384375 0.27890625 0.1765625
0 0.57578125 0.409375 0.28125 0.15546875
0 0.15546875 0.29453125 0.29375 0.14765625
0 0.26953125 0.19140625 0.21484375 0.11328125
0 0.084375 0.19921875 0.16875 0.13203125
0 0.28203125 0.5421875 0.30234375 0.13359375
0 0.57890625 0.53046875 0.29140625 0.12734375
0 0.48203125 0.18203125 0.20625 0.12890625
0 0.84765625 0.5203125 0.26640625 0.12109375
0 0.684375 0.2890625 0.26015625 0.14140625
0 0.88984375 0.18515625 0.2125 0.115625
0 0.42890625 0.29140625 0.2625 0.14140625
0 0.07265625 0.41640625 0.1453125 0.1609375
0 0.90390625 0.2828125 0.1875 0.13203125
0 0.06875 0.5515625 0.1375 0.12734375
0 0.6875 0.18203125 0.20390625 0.1