0 0.496875 0.3140625 0.990625 0.628125
0 0.70625 0.08515625 0.278125 0.1703125
0 0.27109375 0.3421875 0.41640625 0.25625
0 0.49609375 0.18671875 0.37890625 0.20859375
0 0.42109375 0.08125 0.28359375 0.1625
0 0.678125 0.3453125 0.40234375 0.23359375
0 0.67890625 0.528125 0.40390625 0.17890625
0 0.28046875 0.5359375 0.39765625 0.18515625
0 0.146875 0.0734375 0.27265625 0.14609375
0 0.83359375 0.19296875 0.3 0.178125
0 0.15546875 0.20625 0.31015625 0.2078125
0 0.9125 0.44375 0.1 0.12109375
0 0.915625 0.34296875 0.11875 0.134375
0 0.04375 0.53828125 0.0875 0.16640625
0 0.03828125 0.37578125 0.0765625 0.1765625
0 0.83046875 0.309375 0.29375 0.2015625