0 0.384375 0.396875 0.28984375 0.1828125
0 0.14765625 0.20234375 0.2125 0.12890625
0 0.12421875 0.4078125 0.24765625 0.1671875
0 0.25546875 0.29453125 0.28125 0.14609375
0 0.35625 0.19375 0.20859375 0.1109375
0 0.66484375 0.4078125 0.275 0.15234375
0 0.559375 0.1859375 0.20625 0.12890625
0 0.66484375 0.52578125 0.2875 0.125
0 0.378125 0.534375 0.28515625 0.12734375
0 0.89765625 0.3828125 0.2 0.17578125
0 0.76953125 0.2875 0.25625 0.14140625
0 0.93046875 0.1875 0.13515625 0.115625
0 0.11796875 0.54609375 0.23515625 0.12265625
0 0.51875 0.29453125 0.25390625 0.1359375
0 0.05859375 0.29609375 0.11640625 0.0921875
0 0.896875 0.5171875 0.20234375 0.11875
0 0.7625 0.18359375 0.20390625 0.09921875
0 0.94375 0.28984375 0.10859375 0.10859375