0 0.69765625 0.6765625 0.52890625 0.24765625
0 0.71328125 0.46015625 0.51484375 0.28203125
0 0.21796875 0.69140625 0.43515625 0.23203125
0 0.234375 0.42578125 0.46875 0.35625
0 0.84296875 0.2046875 0.31015625 0.33359375
0 0.471875 0.240625 0.43984375 0.25234375
0 0.56640625 0.1 0.3 0.1828125
0 0.26484375 0.10078125 0.34609375 0.16171875
0 0.49921875 0.41015625 0.99375 0.79921875
0 0.97109375 0.4671875 0.05390625 0.19375
0 0.96171875 0.65703125 0.07265625 0.21484375
0 0.12734375 0.2046875 0.25390625 0.2484375
0 0.053125 0.0765625 0.10625 0.134375
0 0.93125 0.1 0.13359375 0.11328125
0 0.49921875 0.18984375 0.99375 0.35859375
0 0.85234375 0.10078125 0.2875 0.12890625