0 0.49765625 0.396875 0.9953125 0.440625
0 0.08125 0.55859375 0.1625 0.11328125
0 0.49140625 0.44609375 0.2 0.109375
0 0.27265625 0.54765625 0.23359375 0.1140625
0 0.27578125 0.4453125 0.23515625 0.1046875
0 0.6625 0.3734375 0.175 0.0859375
0 0.48515625 0.5421875 0.2 0.096875
0 0.08203125 0.45 0.1640625 0.109375
0 0.29296875 0.275 0.19765625 0.09453125
0 0.09765625 0.246875 0.1953125 0.13125
0 0.82265625 0.35859375 0.14609375 0.08984375
0 0.18984375 0.34609375 0.2125 0.0953125
0 0.671875 0.45703125 0.16875 0.08828125
0 0.45859375 0.3421875 0.24140625 0.12890625
0 0.66953125 0.5421875 0.16875 0.0875