0 0.49921875 0.40234375 0.99765625 0.4515625
0 0.92734375 0.5421875 0.14140625 0.1546875
0 0.903125 0.35625 0.18984375 0.10390625
0 0.48828125 0.41484375 0.20234375 0.115625
0 0.596875 0.50390625 0.16484375 0.13125
0 0.10859375 0.325 0.2125 0.1234375
0 0.77109375 0.5140625 0.2125 0.1578125
0 0.79765625 0.25078125 0.39609375 0.15
0 0.73671875 0.3609375 0.16015625 0.0921875
0 0.45234375 0.5125 0.15859375 0.090625
0 0.59296875 0.3515625 0.13984375 0.11796875
0 0.68984375 0.2625 0.17109375 0.12890625
0 0.10078125 0.42265625 0.2015625 0.0953125
0 0.1 0.50390625 0.2 0.08828125