0 0.59296875 0.67421875 0.52265625 0.24375
0 0.18125 0.42421875 0.3625 0.36171875
0 0.60703125 0.4578125 0.50625 0.28203125
0 0.16796875 0.69453125 0.33515625 0.240625
0 0.49921875 0.4125 0.99375 0.80625
0 0.7875 0.20625 0.41640625 0.33046875
0 0.91796875 0.44375 0.16015625 0.2703125
0 0.459375 0.09921875 0.30234375 0.18125
0 0.91015625 0.65546875 0.175 0.21953125
0 0.1625 0.09453125 0.325 0.1625
0 0.071875 0.203125 0.14375 0.2484375
0 0.36171875 0.23671875 0.44375 0.25703125
0 0.946875 0.10703125 0.10234375 0.1234375
0 0.75234375 0.0984375 0.29609375 0.12109375
0 0.82265625 0.1 0.15390625 0.1046875