0 0.49765625 0.4125 0.9953125 0.50625
0 0.83984375 0.5640625 0.29140625 0.1828125
0 0.64375 0.453125 0.25390625 0.13125
0 0.60859375 0.56328125 0.22109375 0.11640625
0 0.11953125 0.5484375 0.19375 0.09453125
0 0.43984375 0.346875 0.18359375 0.1109375
0 0.84765625 0.359375 0.15390625 0.1234375
0 0.425 0.54375 0.16640625 0.10625
0 0.121875 0.4578125 0.18984375 0.0921875
0 0.4375 0.45234375 0.17109375 0.10703125
0 0.10859375 0.36640625 0.2 0.09453125
0 0.88359375 0.45703125 0.225 0.09296875
0 0.95625 0.37265625 0.08359375 0.08984375
0 0.21875 0.26328125 0.1375 0.10703125
0 0.27890625 0.35390625 0.14609375 0.09921875
0 0.71328125 0.23984375 0.24765625 0.15
0 0.28671875 0.44921875 0.13984375 0.096875
0 0.28359375 0.53515625 0.14140625 0.09296875