0 0.49921875 0.32109375 0.99375 0.59765625
0 0.103125 0.18046875 0.20625 0.25
0 0.83359375 0.109375 0.275 0.1734375
0 0.16640625 0.3765625 0.3328125 0.2
0 0.84453125 0.53125 0.30625 0.16171875
0 0.56640625 0.1140625 0.25 0.1578125
0 0.16875 0.53984375 0.3375 0.16015625
0 0.515625 0.534375 0.36015625 0.16484375
0 0.84921875 0.36640625 0.29765625 0.2078125
0 0.525 0.3546875 0.37890625 0.2390625
0 0.315625 0.1015625 0.26015625 0.1578125
0 0.70859375 0.22265625 0.34609375 0.18515625
0 0.359375 0.23125 0.35234375 0.19375
0 0.934375 0.2234375 0.12734375 0.13828125
0 0.10390625 0.11171875 0.2078125 0.1171875