0 0.796875 0.38828125 0.39765625 0.35859375
0 0.61015625 0.5078125 0.19140625 0.10234375
0 0.24765625 0.534375 0.22890625 0.096875
0 0.35390625 0.50546875 0.7078125 0.1546875
0 0.06875 0.52734375 0.1375 0.10859375
0 0.415625 0.496875 0.20234375 0.1265625
0 0.86640625 0.43828125 0.20859375 0.09296875
0 0.87109375 0.265625 0.20859375 0.1140625
0 0.85546875 0.51875 0.21484375 0.08515625
0 0.88359375 0.3390625 0.21640625 0.12109375
0 0.24140625 0.45546875 0.11640625 0.05390625
0 0.68515625 0.4265625 0.175 0.08125
0 0.49921875 0.3953125 0.99375 0.3734375