0 0.16328125 0.4015625 0.29765625 0.159375
0 0.446875 0.39140625 0.28125 0.1765625
0 0.09765625 0.28828125 0.17890625 0.1234375
0 0.209375 0.20078125 0.20625 0.12890625
0 0.71953125 0.40234375 0.26875 0.14609375
0 0.31953125 0.29296875 0.27265625 0.140625
0 0.41015625 0.19140625 0.20390625 0.109375
0 0.71640625 0.51640625 0.28359375 0.12265625
0 0.61171875 0.18359375 0.20625 0.1234375
0 0.153125 0.52734375 0.29375 0.13125
0 0.4375 0.52421875 0.275 0.1234375
0 0.92265625 0.378125 0.15 0.1734375
0 0.57578125 0.28984375 0.24765625 0.134375
0 0.821875 0.28828125 0.25234375 0.13359375
0 0.921875 0.509375 0.15234375 0.11796875
0 0.953125 0.18359375 0.08984375 0.11328125
0 0.8125 0.18359375 0.2 0.1015625
0 0.96875 0.28203125 0.05859375 0.1015625
0 0.7625 0.1796875 0.10859375 0.0953125