0 0.49921875 0.390625 0.99375 0.778125
0 0.14140625 0.63828125 0.2828125 0.2828125
0 0.365625 0.553125 0.26484375 0.23125
0 0.2625 0.18515625 0.275 0.1484375
0 0.60234375 0.35859375 0.37890625 0.1859375
0 0.94296875 0.19375 0.11015625 0.18046875
0 0.55 0.153125 0.3125 0.2546875
0 0.51796875 0.06484375 0.51015625 0.1296875
0 0.12109375 0.39609375 0.24140625 0.30390625
0 0.30078125 0.36171875 0.28515625 0.25390625
0 0.63515625 0.5125 0.32890625 0.14765625
0 0.803125 0.1546875 0.21875 0.2390625
0 0.11640625 0.078125 0.2328125 0.15625
0 0.87421875 0.34765625 0.18125 0.15546875
0 0.24921875 0.4984375 0.49375 0.56015625
0 0.06484375 0.16328125 0.12890625 0.19921875
0 0.88828125 0.459375 0.21484375 0.16171875
0 0.696875 0.31015625 0.59765625 0.5609375
0 0.97421875 0.33359375 0.04765625 0.10390625