0 0.5125 0.41015625 0.96640625 0.4390625
0 0.31328125 0.26328125 0.23984375 0.13203125
0 0.18125 0.44609375 0.275 0.14765625
0 0.17734375 0.5640625 0.275 0.1140625
0 0.18515625 0.33671875 0.24140625 0.12890625
0 0.68828125 0.44609375 0.24375 0.15078125
0 0.89609375 0.5671875 0.20390625 0.11328125
0 0.68125 0.56875 0.24609375 0.11171875
0 0.4375 0.565625 0.25 0.11640625
0 0.92265625 0.3015625 0.15 0.08828125
0 0.44453125 0.44765625 0.25625 0.15
0 0.5375 0.26796875 0.21640625 0.140625
0 0.840625 0.371875 0.20234375 0.090625
0 0.63671875 0.3640625 0.21015625 0.1046875
0 0.41953125 0.3609375 0.22734375 0.096875
0 0.89921875 0.44609375 0.19375 0.14296875
0 0.74609375 0.28125 0.20859375 0.12109375
0 0.9 0.23828125 0.12890625 0.04921875