0 0.49765625 0.39375 0.9953125 0.446875
0 0.41796875 0.54453125 0.22265625 0.1109375
0 0.18125 0.55390625 0.2625 0.1140625
0 0.065625 0.2390625 0.13125 0.140625
0 0.18203125 0.42421875 0.26484375 0.159375
0 0.42109375 0.44609375 0.225 0.1015625
0 0.63125 0.4453125 0.2 0.109375
0 0.43984375 0.27890625 0.19140625 0.09296875
0 0.80546875 0.3734375 0.18125 0.0859375
0 0.340625 0.35 0.20234375 0.09296875
0 0.62578125 0.54140625 0.19765625 0.09453125
0 0.12578125 0.33984375 0.23125 0.1140625
0 0.81171875 0.5421875 0.17265625 0.0875
0 0.81484375 0.45625 0.175 0.08984375
0 0.49921875 0.25078125 0.99375 0.16171875