0 0.4984375 0.359375 0.99375 0.71875
0 0.18984375 0.12890625 0.37890625 0.25703125
0 0.2 0.36875 0.4 0.24765625
0 0.51484375 0.1328125 0.3 0.25390625
0 0.81171875 0.1453125 0.35234375 0.24375
0 0.215625 0.56328125 0.43125 0.21328125
0 0.509375 0.3515625 0.33515625 0.20078125
0 0.54140625 0.50859375 0.30390625 0.17890625
0 0.75546875 0.3375 0.18515625 0.153125
0 0.90390625 0.1453125 0.16640625 0.2390625
0 0.90859375 0.3265625 0.15390625 0.134375
0 0.76171875 0.475 0.16015625 0.13671875
0 0.90234375 0.44375 0.14609375 0.1265625