0 0.49921875 0.33359375 0.99375 0.5421875
0 0.33984375 0.38359375 0.33359375 0.17890625
0 0.334375 0.13359375 0.22265625 0.14609375
0 0.66484375 0.35546875 0.325 0.19921875
0 0.11328125 0.1453125 0.2265625 0.125
0 0.35234375 0.521875 0.33359375 0.14296875
0 0.78515625 0.13125 0.24609375 0.1296875
0 0.09296875 0.37265625 0.18515625 0.21484375
0 0.90859375 0.365625 0.17890625 0.1578125
0 0.19609375 0.25078125 0.30390625 0.15703125
0 0.48671875 0.2453125 0.30234375 0.17421875
0 0.90078125 0.4984375 0.19375 0.1265625
0 0.6625 0.509375 0.30390625 0.134375
0 0.775 0.2375 0.2875 0.15703125
0 0.096875 0.53515625 0.19375 0.14296875
0 0.55546875 0.13984375 0.22265625 0.12890625
0 0.5 0.12890625 0.11640625 0.10625
0 0.95234375 0.24921875 0.09140625 0.090625
0 0.71328125 0.12421875 0.11484375 0.11640625
0 0.02578125 0.25546875 0.0515625 0.1359375