0 0.49765625 0.39765625 0.9953125 0.4984375
0 0.88984375 0.51015625 0.21640625 0.3078125
0 0.86875 0.7390625 0.25859375 0.2890625
0 0.66796875 0.53125 0.23515625 0.196875
0 0.26328125 0.5046875 0.20625 0.15546875
0 0.46953125 0.515625 0.23515625 0.171875
0 0.090625 0.49609375 0.17734375 0.1390625
0 0.38984375 0.35 0.18359375 0.1046875
0 0.13984375 0.25390625 0.12109375 0.125
0 0.740625 0.2296875 0.24765625 0.16015625
0 0.22421875 0.35234375 0.16015625 0.09453125
0 0.07734375 0.34140625 0.14140625 0.12109375
0 0.80625 0.32578125 0.25859375 0.15546875
0 0.52265625 0.2390625 0.22109375 0.15546875
0 0.578125 0.34296875 0.20625 0.125
0 0.74921875 0.34453125 0.14375 0.11796875
0 0.396875 0.52734375 0.78515625 0.20859375
0 0.0375 0.4125 0.075 0.10390625
0 0.32890625 0.24609375 0.18359375 0.14140625