0 0.49921875 0.31875 0.99375 0.55078125
0 0.28046875 0.37265625 0.34765625 0.18359375
0 0.15078125 0.225 0.29765625 0.18515625
0 0.784375 0.11875 0.25234375 0.140625
0 0.62421875 0.3453125 0.33515625 0.21328125
0 0.32109375 0.11640625 0.225 0.15078125
0 0.29140625 0.515625 0.34609375 0.1484375
0 0.10625 0.128125 0.2125 0.1265625
0 0.88203125 0.49765625 0.23125 0.134375
0 0.61796875 0.50625 0.31875 0.14375
0 0.54609375 0.128125 0.225 0.14296875
0 0.44765625 0.23671875 0.3125 0.17578125
0 0.88828125 0.35390625 0.21875 0.17890625
0 0.06015625 0.36171875 0.1203125 0.2078125
0 0.94609375 0.21171875 0.10390625 0.140625
0 0.75078125 0.22734375 0.30234375 0.1640625
0 0.06328125 0.5234375 0.1265625 0.14375