0 0.521875 0.4078125 0.94765625 0.4390625
0 0.20078125 0.43984375 0.27265625 0.15546875
0 0.19765625 0.5609375 0.275 0.11640625
0 0.70078125 0.56640625 0.24765625 0.11171875
0 0.45703125 0.5640625 0.25234375 0.115625
0 0.90625 0.56640625 0.18359375 0.11328125
0 0.709375 0.4453125 0.24375 0.15234375
0 0.5875 0.2734375 0.15390625 0.12734375
0 0.76640625 0.28984375 0.20859375 0.10234375
0 0.20625 0.3359375 0.24140625 0.1296875
0 0.9125 0.46640625 0.17109375 0.1
0 0.50234375 0.259375 0.10859375 0.12734375
0 0.65546875 0.3625 0.21015625 0.1046875
0 0.86171875 0.36875 0.20234375 0.08984375
0 0.03984375 0.421875 0.07890625 0.11640625
0 0.93359375 0.29921875 0.12890625 0.08984375
0 0.46484375 0.44453125 0.25859375 0.153125
0 0.13671875 0.3296875 0.10234375 0.11875
0 0.43984375 0.36015625 0.225 0.0953125
0 0.334375 0.25625 0.23984375 0.14609375
0 0.28125 0.25703125 0.1375 0.115625
0 0.60390625 0.26640625 0.78359375 0.153125
0 0.034375 0.553125 0.06875 0.11328125