0 0.86953125 0.2296875 0.25625 0.35234375
0 0.64140625 0.47578125 0.54609375 0.30546875
0 0.91171875 0.740625 0.17265625 0.28046875
0 0.49921875 0.4671875 0.99375 0.821875
0 0.66953125 0.2734375 0.18984375 0.16953125
0 0.58984375 0.70546875 0.50390625 0.2609375
0 0.940625 0.50625 0.11484375 0.29921875
0 0.296875 0.3625 0.59375 0.46796875
0 0.26953125 0.50234375 0.21484375 0.19140625
0 0.12109375 0.21015625 0.23359375 0.16015625
0 0.10625 0.4921875 0.2125 0.18046875
0 0.371875 0.31875 0.17734375 0.1234375
0 0.18203125 0.31875 0.21484375 0.1265625
0 0.86953125 0.1671875 0.25234375 0.16640625
0 0.33828125 0.21015625 0.23515625 0.16015625
0 0.040625 0.32265625 0.08125 0.10234375
0 0.190625 0.41484375 0.21484375 0.07578125
0 0.51796875 0.26171875 0.14375 0.19140625