0 0.49921875 0.39453125 0.99765625 0.44921875
0 0.596875 0.346875 0.17734375 0.1390625
0 0.20234375 0.4234375 0.24609375 0.1484375
0 0.20234375 0.54765625 0.2375 0.11640625
0 0.0625 0.23671875 0.125 0.14375
0 0.42421875 0.4453125 0.20234375 0.109375
0 0.41953125 0.54296875 0.20234375 0.09765625
0 0.909375 0.3421875 0.17265625 0.11171875
0 0.115625 0.3421875 0.21875 0.09921875
0 0.9125 0.44921875 0.17109375 0.10859375
0 0.60546875 0.540625 0.16875 0.0859375
0 0.04453125 0.55859375 0.0890625 0.1140625
0 0.04609375 0.4203125 0.09140625 0.16640625
0 0.60703125 0.45625 0.16875 0.0875
0 0.90078125 0.5421875 0.17734375 0.10625