0 0.246875 0.53984375 0.28515625 0.18125
0 0.32578125 0.3828125 0.6515625 0.5125
0 0.70234375 0.5265625 0.22109375 0.14296875
0 0.89921875 0.53515625 0.19375 0.15078125
0 0.08359375 0.43359375 0.16640625 0.140625
0 0.23671875 0.33828125 0.15625 0.12734375
0 0.06171875 0.5640625 0.12265625 0.13203125
0 0.09140625 0.3265625 0.14609375 0.1203125
0 0.10234375 0.21171875 0.20390625 0.17109375
0 0.53515625 0.371875 0.07109375 0.090625
0 0.415625 0.52734375 0.13125 0.140625
0 0.5125 0.515625 0.08359375 0.125
0 0.428125 0.36328125 0.08515625 0.08984375
0 0.34765625 0.3546875 0.09140625 0.0921875
0 0.79375 0.53203125 0.40390625 0.1578125
0 0.38203125 0.53515625 0.56015625 0.20078125