0 0.49921875 0.33203125 0.99375 0.54375
0 0.65703125 0.35703125 0.32265625 0.196875
0 0.33125 0.38203125 0.33359375 0.17890625
0 0.33125 0.13125 0.22109375 0.14609375
0 0.1125 0.14375 0.225 0.12265625
0 0.18828125 0.23828125 0.30625 0.1765625
0 0.34375 0.52109375 0.33359375 0.14375
0 0.89765625 0.49765625 0.2 0.12734375
0 0.08828125 0.3703125 0.1765625 0.215625
0 0.48125 0.24765625 0.30390625 0.16953125
0 0.90546875 0.36640625 0.18515625 0.1546875
0 0.78515625 0.12890625 0.24140625 0.1296875
0 0.65703125 0.50859375 0.30625 0.13671875
0 0.55234375 0.1375 0.22109375 0.13125
0 0.77109375 0.25078125 0.2875 0.13125
0 0.09140625 0.5328125 0.1828125 0.14375
0 0.49921875 0.1265625 0.11875 0.10703125
0 0.95 0.2390625 0.09609375 0.1109375
0 0.95390625 0.1765625 0.0875 0.06015625
0 0.71328125 0.12109375 0.11015625 0.115625