0 0.4625 0.3546875 0.4375 0.25390625
0 0.48125 0.5484375 0.45 0.1984375
0 0.58671875 0.07890625 0.32734375 0.1578125
0 0.715625 0.18515625 0.31875 0.1890625
0 0.12734375 0.3546875 0.25390625 0.26640625
0 0.1375 0.55546875 0.275 0.20546875
0 0.496875 0.32890625 0.98984375 0.6578125
0 0.93125 0.22265625 0.13359375 0.125
0 0.77890625 0.4515625 0.17109375 0.134375
0 0.30078125 0.1828125 0.41875 0.22421875
0 0.928125 0.275 0.13515625 0.35
0 0.76875 0.34296875 0.2 0.14140625
0 0.29375 0.0546875 0.31640625 0.109375
0 0.93125 0.3234375 0.13359375 0.0859375
0 0.075 0.07578125 0.15 0.1515625
0 0.828125 0.33984375 0.08515625 0.13671875
0 0.04765625 0.1984375 0.0953125 0.171875
0 0.928125 0.40546875 0.13984375 0.08515625