0 0.35234375 0.5953125 0.51640625 0.23203125
0 0.32578125 0.37109375 0.52265625 0.29140625
0 0.49921875 0.35703125 0.99375 0.71328125
0 0.21875 0.16953125 0.4375 0.23671875
0 0.803125 0.17421875 0.38515625 0.21796875
0 0.68984375 0.0734375 0.4234375 0.146875
0 0.64140625 0.52265625 0.16640625 0.20078125
0 0.83125 0.35078125 0.32890625 0.16640625
0 0.51796875 0.19296875 0.18984375 0.13125
0 0.06640625 0.5828125 0.1328125 0.19375
0 0.85234375 0.4859375 0.2875 0.14140625
0 0.35 0.065625 0.29140625 0.13125
0 0.10859375 0.0453125 0.21640625 0.090625
0 0.80546875 0.31328125 0.38125 0.4890625
0 0.61328125 0.35 0.13984375 0.22421875
0 0.52734375 0.34140625 0.30859375 0.24140625
0 0.39296875 0.46328125 0.66484375 0.49296875
0 0.04609375 0.3859375 0.09140625 0.22734375