0 0.83671875 0.546875 0.23125 0.1140625
0 0.42578125 0.515625 0.21875 0.14140625
0 0.14375 0.3234375 0.2875 0.27734375
0 0.62265625 0.521875 0.20390625 0.1453125
0 0.49765625 0.415625 0.99140625 0.46796875
0 0.49765625 0.5328125 0.9953125 0.203125
0 0.18515625 0.4140625 0.3703125 0.465625
0 0.24921875 0.36015625 0.07265625 0.090625
0 0.95859375 0.5375 0.07890625 0.0953125
0 0.04921875 0.5484375 0.09765625 0.16484375
0 0.12421875 0.5203125 0.15234375 0.15234375
0 0.046875 0.3421875 0.09375 0.1
0 0.22265625 0.51015625 0.1125 0.13125
0 0.14140625 0.42421875 0.2828125 0.0765625
0 0.134375 0.35234375 0.09375 0.09453125
0 0.19140625 0.53046875 0.3828125 0.2078125
0 0.05390625 0.2671875 0.10390625 0.09296875
0 0.196875 0.359375 0.04375 0.08125
0 0.31328125 0.490625 0.14375 0.12734375