0 0.49921875 0.31640625 0.99375 0.63203125
0 0.31328125 0.34765625 0.41015625 0.2515625
0 0.73125 0.0875 0.275 0.17421875
0 0.71875 0.35234375 0.40390625 0.22890625
0 0.71328125 0.53203125 0.39765625 0.17421875
0 0.32109375 0.5375 0.39140625 0.18125
0 0.44921875 0.0859375 0.28125 0.171875
0 0.534375 0.1984375 0.37265625 0.19921875
0 0.85703125 0.1984375 0.28125 0.17578125
0 0.17421875 0.2109375 0.34765625 0.21015625
0 0.18125 0.0734375 0.2625 0.146875
0 0.06171875 0.38046875 0.12265625 0.1875
0 0.94609375 0.34453125 0.09609375 0.13203125
0 0.065625 0.5453125 0.13125 0.1734375
0 0.940625 0.4484375 0.08125 0.11875
0 0.85390625 0.3140625 0.27890625 0.19453125