0 0.24140625 0.60390625 0.4828125 0.2640625
0 0.16015625 0.1515625 0.3203125 0.23125
0 0.49921875 0.36875 0.99375 0.73671875
0 0.54921875 0.5296875 0.19765625 0.215625
0 0.74921875 0.3453125 0.34765625 0.1765625
0 0.22578125 0.3875 0.4515625 0.278125
0 0.59453125 0.0640625 0.37734375 0.12734375
0 0.42578125 0.178125 0.23515625 0.13671875
0 0.95390625 0.33515625 0.0875 0.14609375
0 0.775 0.49296875 0.29140625 0.14375
0 0.32265625 0.45703125 0.64140625 0.553125
0 0.28046875 0.0640625 0.29765625 0.12734375
0 0.503125 0.35234375 0.19375 0.22890625
0 0.95859375 0.18828125 0.07890625 0.15703125
0 0.95 0.45234375 0.09609375 0.140625
0 0.74140625 0.15 0.40390625 0.24140625
0 0.30546875 0.32421875 0.58984375 0.2921875