0 0.49921875 0.40078125 0.99765625 0.490625
0 0.93515625 0.55625 0.125 0.18125
0 0.10859375 0.44375 0.21640625 0.11640625
0 0.78046875 0.5578125 0.23125 0.12265625
0 0.10546875 0.546875 0.21015625 0.10390625
0 0.81640625 0.44921875 0.2625 0.1296875
0 0.3 0.54453125 0.17890625 0.0921875
0 0.88515625 0.34140625 0.13359375 0.109375
0 0.30234375 0.45625 0.17890625 0.08984375
0 0.09921875 0.34765625 0.19765625 0.10390625
0 0.60859375 0.3453125 0.1875 0.1109375
0 0.59375 0.5421875 0.16640625 0.1046875
0 0.28984375 0.36875 0.1875 0.090625
0 0.60703125 0.4515625 0.17265625 0.10625
0 0.45390625 0.53203125 0.1375 0.0921875