0 0.59453125 0.3375 0.41875 0.26171875
0 0.496875 0.3203125 0.98984375 0.640625
0 0.19296875 0.34765625 0.38515625 0.25859375
0 0.19765625 0.54375 0.3953125 0.19375
0 0.6 0.53515625 0.42109375 0.1859375
0 0.653125 0.08203125 0.28984375 0.1640625
0 0.78671875 0.184375 0.31484375 0.18046875
0 0.42265625 0.1828125 0.4125 0.2171875
0 0.11015625 0.18515625 0.2203125 0.1890625
0 0.85625 0.33828125 0.14140625 0.1390625
0 0.11015625 0.075 0.2203125 0.15
0 0.85078125 0.44609375 0.13125 0.1265625
0 0.36328125 0.071875 0.29765625 0.14375
0 0.96015625 0.20234375 0.075 0.16171875
0 0.95625 0.32265625 0.08359375 0.08125
0 0.953125 0.40234375 0.08984375 0.0828125
0 0.78203125 0.30625 0.28984375 0.203125