0 0.16328125 0.3953125 0.32265625 0.19609375
0 0.46953125 0.4046875 0.29765625 0.16484375
0 0.1625 0.54453125 0.32109375 0.13828125
0 0.7625 0.37734375 0.29609375 0.1859375
0 0.47578125 0.53203125 0.30625 0.134375
0 0.39765625 0.17109375 0.2125 0.1390625
0 0.82421875 0.16953125 0.21484375 0.11640625
0 0.18203125 0.17890625 0.22265625 0.11640625
0 0.759375 0.5203125 0.28125 0.125
0 0.32109375 0.27265625 0.27890625 0.1671875
0 0.84921875 0.2765625 0.26015625 0.1359375
0 0.09375 0.290625 0.1875 0.14765625
0 0.61484375 0.171875 0.225 0.11328125
0 0.590625 0.278125 0.27265625 0.15078125
0 0.03671875 0.178125 0.07265625 0.11796875
0 0.95078125 0.3890625 0.09375 0.1390625
0 0.94140625 0.509375 0.1125 0.11796875