0 0.44765625 0.3484375 0.44140625 0.27265625
0 0.5890625 0.08046875 0.325 0.1609375
0 0.71484375 0.18515625 0.32109375 0.1890625
0 0.496875 0.33203125 0.98984375 0.66171875
0 0.12890625 0.559375 0.2578125 0.20625
0 0.284375 0.1859375 0.41875 0.225
0 0.11875 0.35703125 0.2375 0.26640625
0 0.77890625 0.4546875 0.17890625 0.13828125
0 0.2890625 0.05859375 0.315625 0.1171875
0 0.765625 0.34453125 0.21875 0.14375
0 0.07421875 0.07421875 0.14765625 0.1484375
0 0.93203125 0.19765625 0.13125 0.178125
0 0.93203125 0.40546875 0.13125 0.08984375
0 0.934375 0.32421875 0.12734375 0.0875
0 0.83046875 0.3375 0.08984375 0.13125
0 0.515625 0.1921875 0.08125 0.0828125
0 0.04140625 0.1859375 0.0828125 0.14375
0 0.47265625 0.53203125 0.47109375 0.24296875