0 0.49921875 0.36796875 0.99375 0.7359375
0 0.415625 0.53125 0.38125 0.19921875
0 0.36171875 0.140625 0.41484375 0.225
0 0.08515625 0.1203125 0.1703125 0.240625
0 0.36171875 0.35234375 0.44375 0.22734375
0 0.68359375 0.13046875 0.30390625 0.25625
0 0.90234375 0.13125 0.19140625 0.25390625
0 0.90078125 0.32578125 0.18984375 0.15078125
0 0.90078125 0.45625 0.18515625 0.14140625
0 0.69765625 0.4890625 0.24609375 0.16171875
0 0.10234375 0.35703125 0.20390625 0.25234375
0 0.128125 0.56953125 0.25625 0.2453125
0 0.690625 0.3375 0.26484375 0.1765625
0 0.49921875 0.1296875 0.98984375 0.259375
0 0.37109375 0.04375 0.46640625 0.0875
0 0.69921875 0.04609375 0.31484375 0.0921875