0 0.32109375 0.4265625 0.55 0.3546875
0 0.775 0.68203125 0.44609375 0.25390625
0 0.78828125 0.46484375 0.41875 0.284375
0 0.603125 0.2484375 0.43984375 0.24296875
0 0.49921875 0.4125 0.99375 0.80078125
0 0.90703125 0.19921875 0.18125 0.3328125
0 0.696875 0.09765625 0.30625 0.18125
0 0.390625 0.1046875 0.35625 0.1546875
0 0.19375 0.23828125 0.3875 0.2453125
0 0.290625 0.6796875 0.53515625 0.25390625
0 0.11875 0.0859375 0.2375 0.134375
0 0.03828125 0.45703125 0.0765625 0.2421875
0 0.91953125 0.10703125 0.15625 0.1484375
0 0.49921875 0.19140625 0.99375 0.35625
0 0.015625 0.66015625 0.03125 0.1828125