0 0.49765625 0.39296875 0.9953125 0.4515625
0 0.071875 0.2375 0.14375 0.14296875
0 0.19140625 0.55390625 0.2625 0.1140625
0 0.428125 0.5453125 0.22265625 0.11171875
0 0.640625 0.44609375 0.19765625 0.109375
0 0.43203125 0.44609375 0.22265625 0.1015625
0 0.19453125 0.4484375 0.26015625 0.109375
0 0.815625 0.3734375 0.18125 0.0859375
0 0.63515625 0.54140625 0.2 0.09453125
0 0.13515625 0.33984375 0.22890625 0.1109375
0 0.35078125 0.34921875 0.20234375 0.0921875
0 0.821875 0.5421875 0.17265625 0.0875
0 0.825 0.45703125 0.175 0.08828125