0 0.23984375 0.60625 0.47890625 0.26171875
0 0.15859375 0.15078125 0.31640625 0.23359375
0 0.49921875 0.36953125 0.99375 0.7390625
0 0.59296875 0.0640625 0.38125 0.12734375
0 0.74453125 0.3453125 0.34375 0.1765625
0 0.54375 0.53046875 0.2 0.2171875
0 0.42265625 0.17890625 0.2375 0.13828125
0 0.321875 0.4578125 0.63984375 0.55390625
0 0.24765625 0.0640625 0.24140625 0.12734375
0 0.771875 0.484375 0.29375 0.16171875
0 0.953125 0.33515625 0.08984375 0.14765625
0 0.22421875 0.35390625 0.44765625 0.346875
0 0.95703125 0.1875 0.08125 0.16015625
0 0.94921875 0.45234375 0.09765625 0.140625
0 0.49921875 0.353125 0.19375 0.2296875
0 0.42421875 0.33515625 0.34375 0.265625
0 0.91484375 0.15234375 0.1625 0.22890625
0 0.74140625 0.15234375 0.4125 0.2359375