0 0.428125 0.3484375 0.47265625 0.284375
0 0.45625 0.334375 0.9125 0.66875
0 0.72890625 0.1859375 0.34140625 0.19609375
0 0.43671875 0.56015625 0.46015625 0.20546875
0 0.60234375 0.08046875 0.34609375 0.16015625
0 0.10390625 0.35859375 0.2078125 0.2671875
0 0.94765625 0.21953125 0.1 0.13671875
0 0.115625 0.565625 0.23125 0.20859375
0 0.7875 0.4578125 0.2 0.140625
0 0.76484375 0.3453125 0.2625 0.1484375
0 0.30390625 0.18125 0.50859375 0.22421875
0 0.94375 0.3015625 0.10390625 0.303125
0 0.2875 0.0609375 0.29609375 0.12109375
0 0.94765625 0.32578125 0.1 0.0875
0 0.94453125 0.40546875 0.10625 0.0921875
0 0.07265625 0.075 0.1453125 0.15
0 0.84375 0.33515625 0.10390625 0.12890625
0 0.66796875 0.49375 0.07265625 0.1640625
0 0.478125 0.20078125 0.16484375 0.13359375
0 0.42578125 0.35625 0.66875 0.4078125