0 0.49765625 0.40703125 0.9953125 0.5015625
0 0.71875 0.55859375 0.27890625 0.18359375
0 0.490625 0.553125 0.21875 0.134375
0 0.525 0.453125 0.25 0.1265625
0 0.88828125 0.546875 0.13984375 0.153125
0 0.72265625 0.35546875 0.14609375 0.1265625
0 0.30859375 0.54296875 0.17109375 0.1046875
0 0.04609375 0.54921875 0.09140625 0.096875
0 0.04609375 0.45703125 0.09140625 0.0953125
0 0.31875 0.34453125 0.18359375 0.11328125
0 0.32109375 0.45078125 0.17109375 0.109375
0 0.97265625 0.54140625 0.05 0.134375