0 0.49921875 0.409375 0.99765625 0.5046875
0 0.87890625 0.56640625 0.23359375 0.18359375
0 0.71171875 0.45234375 0.25625 0.13125
0 0.67578125 0.5609375 0.22265625 0.1203125
0 0.490625 0.54375 0.16875 0.10625
0 0.91796875 0.3578125 0.15625 0.1234375
0 0.18125 0.36796875 0.19609375 0.0921875
0 0.19140625 0.54765625 0.1875 0.09296875
0 0.03828125 0.24140625 0.0765625 0.1140625
0 0.19375 0.4578125 0.18359375 0.0921875
0 0.50859375 0.346875 0.18359375 0.1109375
0 0.50625 0.45078125 0.17109375 0.109375
0 0.34921875 0.359375 0.14375 0.09296875
0 0.91640625 0.45546875 0.15859375 0.08984375
0 0.05234375 0.4421875 0.10390625 0.115625
0 0.04375 0.34453125 0.0875 0.0921875
0 0.05078125 0.5484375 0.1015625 0.10625
0 0.35390625 0.45 0.14140625 0.0953125
0 0.35234375 0.53359375 0.1375 0.09296875