0 0.79921875 0.49140625 0.39765625 0.31640625
0 0.78359375 0.72578125 0.42890625 0.28671875
0 0.49765625 0.51796875 0.225 0.18984375
0 0.096875 0.49609375 0.19375 0.159375
0 0.41640625 0.38203125 0.8328125 0.4796875
0 0.34765625 0.228125 0.225 0.15703125
0 0.215625 0.3375 0.18984375 0.10625
0 0.903125 0.2859375 0.18984375 0.12109375
0 0.40859375 0.34375 0.20859375 0.1046875
0 0.309375 0.50625 0.25234375 0.17421875
0 0.63046875 0.31640625 0.24375 0.15546875
0 0.06328125 0.34453125 0.1265625 0.0890625
0 0.15234375 0.2328125 0.19140625 0.1453125
0 0.565625 0.221875 0.25234375 0.1578125
0 0.78203125 0.52109375 0.42734375 0.69375
0 0.0375 0.23203125 0.075 0.12265625
0 0.42734375 0.42890625 0.18359375 0.07421875
0 0.225 0.4203125 0.17890625 0.071875