0 0.50859375 0.4109375 0.975 0.4375
0 0.16875 0.56484375 0.275 0.115625
0 0.171875 0.4484375 0.27265625 0.14296875
0 0.30546875 0.2640625 0.23984375 0.13203125
0 0.43046875 0.565625 0.25234375 0.1140625
0 0.89140625 0.5671875 0.2125 0.11328125
0 0.67265625 0.56875 0.24609375 0.1109375
0 0.896875 0.4671875 0.20234375 0.1015625
0 0.68046875 0.44609375 0.24375 0.15
0 0.17734375 0.3375 0.24140625 0.1296875
0 0.753125 0.28203125 0.17734375 0.1203125
0 0.43671875 0.4484375 0.25625 0.15078125
0 0.91875 0.3015625 0.15859375 0.08828125
0 0.83203125 0.37109375 0.20234375 0.08984375
0 0.62890625 0.3640625 0.2125 0.10390625