0 0.27421875 0.540625 0.28125 0.18046875
0 0.31015625 0.38203125 0.6203125 0.5015625
0 0.73125 0.52734375 0.225 0.14609375
0 0.09921875 0.43359375 0.19765625 0.1390625
0 0.075 0.5640625 0.15 0.134375
0 0.91328125 0.53828125 0.16875 0.15
0 0.2625 0.33984375 0.15 0.12734375
0 0.559375 0.371875 0.07265625 0.08828125
0 0.53828125 0.51171875 0.08125 0.13203125
0 0.37421875 0.35703125 0.08515625 0.0921875
0 0.453125 0.36484375 0.08515625 0.08828125
0 0.44140625 0.52734375 0.12890625 0.14609375
0 0.096875 0.30625 0.19375 0.1640625
0 0.38671875 0.2828125 0.08515625 0.0875
0 0.11640625 0.2140625 0.2328125 0.16875
0 0.51171875 0.37109375 0.04375 0.07578125
0 0.409375 0.53515625 0.56015625 0.1984375
0 0.25625 0.4390625 0.125 0.08359375
0 0.51015625 0.29921875 0.05859375 0.08359375
0 0.63046875 0.49921875 0.11875 0.1265625
0 0.39140625 0.33828125 0.40859375 0.27578125