0 0.49921875 0.4125 0.99765625 0.50859375
0 0.87734375 0.56484375 0.24140625 0.1859375
0 0.70546875 0.45234375 0.25625 0.13125
0 0.17578125 0.34140625 0.19765625 0.1453125
0 0.67109375 0.55859375 0.225 0.12734375
0 0.91328125 0.3578125 0.16015625 0.1265625
0 0.18671875 0.54765625 0.18515625 0.09296875
0 0.48671875 0.54453125 0.16875 0.1046875
0 0.18828125 0.4578125 0.18515625 0.0921875
0 0.5 0.45078125 0.17109375 0.10859375
0 0.91328125 0.45625 0.16484375 0.0921875
0 0.34140625 0.35703125 0.14140625 0.09453125
0 0.503125 0.346875 0.18515625 0.1109375
0 0.34921875 0.45 0.13984375 0.09765625
0 0.04765625 0.5484375 0.0953125 0.10625
0 0.346875 0.53359375 0.13984375 0.09296875