0 0.81171875 0.09609375 0.27265625 0.18046875
0 0.46171875 0.3546875 0.38984375 0.240625
0 0.5375 0.10703125 0.26640625 0.16640625
0 0.45859375 0.5375 0.37109375 0.17109375
0 0.13515625 0.37578125 0.2703125 0.2078125
0 0.81953125 0.5328125 0.35234375 0.1671875
0 0.659375 0.21484375 0.35625 0.18984375
0 0.49921875 0.31875 0.99375 0.61796875
0 0.1375 0.54375 0.275 0.16484375
0 0.82421875 0.36171875 0.34765625 0.21796875
0 0.28359375 0.08046875 0.24609375 0.13828125
0 0.29765625 0.2234375 0.36640625 0.19921875
0 0.91484375 0.21171875 0.16640625 0.1546875
0 0.06640625 0.2078125 0.1328125 0.19375
0 0.08203125 0.10546875 0.1640625 0.1171875