0 0.48515625 0.35234375 0.43359375 0.24609375
0 0.5953125 0.08046875 0.315625 0.1609375
0 0.5 0.546875 0.44140625 0.19140625
0 0.725 0.18359375 0.31640625 0.1875
0 0.1375 0.3515625 0.275 0.26640625
0 0.49765625 0.328125 0.99140625 0.653125
0 0.146875 0.553125 0.29375 0.203125
0 0.31875 0.1796875 0.4125 0.22265625
0 0.93203125 0.2203125 0.13125 0.12890625
0 0.78046875 0.33984375 0.18984375 0.140625
0 0.30234375 0.05390625 0.3125 0.10703125
0 0.078125 0.07578125 0.15625 0.1515625
0 0.78203125 0.4484375 0.17265625 0.134375
0 0.05859375 0.19375 0.11640625 0.1828125
0 0.934375 0.321875 0.12734375 0.08515625
0 0.53984375 0.2046875 0.05859375 0.10703125
0 0.978125 0.13828125 0.03984375 0.08515625
0 0.92890625 0.403125 0.1375 0.08515625