0 0.803125 0.5140625 0.19765625 0.10625
0 0.89375 0.39453125 0.20859375 0.34765625
0 0.45546875 0.50859375 0.90625 0.1546875
0 0.23203125 0.5109375 0.21484375 0.14765625
0 0.88359375 0.43046875 0.1875 0.08515625
0 0.440625 0.5109375 0.21875 0.15078125
0 0.6125 0.503125 0.1875 0.1265625
0 0.07421875 0.5078125 0.14765625 0.15
0 0.903125 0.3171875 0.18515625 0.19140625
0 0.928125 0.2796875 0.13984375 0.11796875
0 0.92890625 0.50859375 0.07890625 0.07890625
0 0.903125 0.36171875 0.18515625 0.09453125
0 0.97421875 0.52421875 0.04765625 0.09296875
0 0.04921875 0.53046875 0.09765625 0.10390625
0 0.49921875 0.4046875 0.99375 0.365625