0 0.49765625 0.3421875 0.99140625 0.68359375
0 0.565625 0.11640625 0.40625 0.23125
0 0.23828125 0.5390625 0.47265625 0.221875
0 0.8640625 0.1140625 0.240625 0.228125
0 0.578125 0.31796875 0.36015625 0.196875
0 0.21796875 0.3375 0.43515625 0.2546875
0 0.59609375 0.4828125 0.32890625 0.19453125
0 0.86015625 0.3046875 0.2375 0.17109375
0 0.20625 0.115625 0.4125 0.23125
0 0.86640625 0.4546875 0.24140625 0.15703125
0 0.234375 0.32578125 0.46875 0.6484375
0 0.97890625 0.109375 0.0375 0.2015625
0 0.97734375 0.29765625 0.04140625 0.178125
0 0.56953125 0.021875 0.43125 0.04375