0 0.15546875 0.2296875 0.30625 0.18125
0 0.10703125 0.13125 0.2140625 0.125
0 0.321875 0.11796875 0.22734375 0.14609375
0 0.78359375 0.11875 0.25 0.13671875
0 0.29140625 0.37421875 0.34609375 0.1828125
0 0.54609375 0.13046875 0.22109375 0.140625
0 0.63046875 0.346875 0.33125 0.21015625
0 0.30234375 0.515625 0.34609375 0.1484375
0 0.88515625 0.49609375 0.225 0.13203125
0 0.75390625 0.2421875 0.29609375 0.13359375
0 0.62578125 0.50546875 0.31484375 0.140625
0 0.45390625 0.23828125 0.3125 0.171875
0 0.89140625 0.35234375 0.2125 0.17890625
0 0.94609375 0.21015625 0.10390625 0.140625
0 0.06640625 0.365625 0.1328125 0.203125
0 0.06953125 0.52421875 0.1390625 0.1421875