0 0.425 0.41015625 0.425 0.3015625
0 0.11953125 0.68125 0.2390625 0.24375
0 0.1125 0.45078125 0.225 0.29453125
0 0.41015625 0.6375 0.40390625 0.20390625
0 0.49765625 0.41015625 0.99140625 0.7890625
0 0.73203125 0.6078125 0.28515625 0.159375
0 0.38515625 0.11796875 0.26640625 0.14375
0 0.77109375 0.4390625 0.2875 0.19453125
0 0.178125 0.19375 0.35625 0.33828125
0 0.840625 0.35078125 0.31015625 0.27265625
0 0.51015625 0.259375 0.3375 0.21015625
0 0.753125 0.2625 0.13515625 0.090625
0 0.12890625 0.08515625 0.2578125 0.1453125
0 0.18203125 0.08984375 0.15234375 0.109375
0 0.45078125 0.43125 0.77265625 0.44375