0 0.49765625 0.39453125 0.9953125 0.4515625
0 0.41875 0.44453125 0.20390625 0.1109375
0 0.059375 0.2359375 0.11875 0.14140625
0 0.196875 0.54765625 0.23984375 0.11640625
0 0.590625 0.34765625 0.17734375 0.13828125
0 0.90703125 0.3421875 0.17734375 0.11171875
0 0.41328125 0.54296875 0.20234375 0.09765625
0 0.196875 0.428125 0.24375 0.1390625
0 0.90859375 0.4484375 0.175 0.109375
0 0.11015625 0.34140625 0.2203125 0.0953125
0 0.89765625 0.5421875 0.18359375 0.10703125
0 0.59765625 0.53984375 0.17109375 0.0875
0 0.60078125 0.45625 0.16875 0.0875
0 0.04140625 0.55859375 0.0828125 0.1140625
0 0.215625 0.25625 0.20234375 0.1234375