0 0.65625 0.47734375 0.55 0.30625
0 0.87734375 0.23359375 0.24140625 0.3421875
0 0.60390625 0.70859375 0.50390625 0.259375
0 0.91953125 0.74140625 0.15625 0.2796875
0 0.284375 0.50390625 0.21484375 0.1921875
0 0.68515625 0.27265625 0.19140625 0.16640625
0 0.49921875 0.4703125 0.99375 0.8171875
0 0.30078125 0.3640625 0.6015625 0.471875
0 0.11171875 0.49296875 0.22265625 0.18125
0 0.196875 0.31875 0.21484375 0.1265625
0 0.94921875 0.51328125 0.09765625 0.28984375
0 0.090625 0.21875 0.14765625 0.1453125
0 0.353125 0.20859375 0.23515625 0.15546875
0 0.38125 0.31875 0.17109375 0.12265625
0 0.17421875 0.20078125 0.15625 0.140625
0 0.04765625 0.32109375 0.0953125 0.1046875
0 0.51015625 0.2296875 0.16640625 0.14375
0 0.20390625 0.41484375 0.2125 0.07578125
0 0.04453125 0.20859375 0.0890625 0.1265625
0 0.05078125 0.4078125 0.1015625 0.08125