0 0.50390625 0.4109375 0.98359375 0.4375
0 0.153125 0.56484375 0.27734375 0.11796875
0 0.28828125 0.26015625 0.23984375 0.14296875
0 0.15625 0.44375 0.275 0.15546875
0 0.41328125 0.565625 0.25234375 0.11640625
0 0.66328125 0.446875 0.24375 0.15078125
0 0.65703125 0.56875 0.24375 0.11171875
0 0.88359375 0.56640625 0.22890625 0.11171875
0 0.8875 0.4671875 0.21640625 0.1
0 0.42109375 0.4484375 0.25859375 0.153125
0 0.54453125 0.2765625 0.15234375 0.1234375
0 0.61171875 0.36484375 0.21015625 0.1046875
0 0.72109375 0.2828125 0.20859375 0.12109375
0 0.16171875 0.33671875 0.24375 0.12890625
0 0.396875 0.36171875 0.22734375 0.09765625
0 0.81640625 0.37109375 0.2 0.0875