0 0.61171875 0.47421875 0.54375 0.30390625
0 0.85625 0.22734375 0.28359375 0.35
0 0.896875 0.73984375 0.20234375 0.284375
0 0.56015625 0.703125 0.5 0.259375
0 0.925 0.49453125 0.14609375 0.31484375
0 0.24296875 0.5015625 0.21015625 0.19140625
0 0.49921875 0.4671875 0.99375 0.8265625
0 0.653125 0.28515625 0.19765625 0.1390625
0 0.10546875 0.2078125 0.21015625 0.16015625
0 0.090625 0.49140625 0.18125 0.17890625
0 0.15546875 0.3171875 0.21484375 0.125
0 0.34609375 0.31015625 0.17890625 0.1390625
0 0.28359375 0.359375 0.56640625 0.4671875
0 0.33359375 0.20703125 0.27890625 0.159375
0 0.6 0.22421875 0.07890625 0.07578125
0 0.02734375 0.32421875 0.05390625 0.0921875
0 0.16484375 0.41328125 0.21640625 0.0765625
0 0.328125 0.39609375 0.11484375 0.0515625
0 0.475 0.22890625 0.17890625 0.14609375