0 0.49921875 0.3203125 0.99375 0.6140625
0 0.82109375 0.1 0.27109375 0.178125
0 0.47734375 0.353125 0.3875 0.24609375
0 0.82578125 0.534375 0.34375 0.1671875
0 0.471875 0.53828125 0.36875 0.17109375
0 0.14296875 0.37734375 0.28515625 0.20546875
0 0.54765625 0.1109375 0.25859375 0.1671875
0 0.14453125 0.54453125 0.2890625 0.1640625
0 0.67109375 0.221875 0.35390625 0.18125
0 0.28984375 0.08515625 0.26640625 0.14296875
0 0.31328125 0.228125 0.36484375 0.196875
0 0.83046875 0.36171875 0.33515625 0.221875
0 0.07578125 0.11171875 0.1515625 0.1265625
0 0.91875 0.21875 0.15859375 0.1546875
0 0.07734375 0.178125 0.15390625 0.2546875