0 0.484375 0.43125 0.54375 0.35234375
0 0.44765625 0.6828125 0.525 0.25703125
0 0.85 0.6921875 0.29609375 0.26171875
0 0.865625 0.4734375 0.26484375 0.28671875
0 0.76640625 0.25 0.45390625 0.24765625
0 0.11953125 0.440625 0.2390625 0.296875
0 0.85 0.1 0.29609375 0.19140625
0 0.09609375 0.678125 0.19140625 0.2171875
0 0.49921875 0.41953125 0.99375 0.80859375
0 0.54609375 0.10859375 0.34140625 0.1484375
0 0.30859375 0.24609375 0.47890625 0.23671875
0 0.04296875 0.25078125 0.08515625 0.140625
0 0.24765625 0.0953125 0.29140625 0.13125
0 0.50546875 0.1953125 0.98125 0.3546875
0 0.18125 0.10078125 0.15859375 0.10703125
0 0.13046875 0.1828125 0.26015625 0.2734375