0 0.49921875 0.3203125 0.99375 0.6140625
0 0.821875 0.1 0.27265625 0.1765625
0 0.48125 0.35234375 0.3875 0.2484375
0 0.475 0.5390625 0.37109375 0.16953125
0 0.14375 0.378125 0.2875 0.20390625
0 0.54921875 0.11171875 0.26015625 0.1671875
0 0.828125 0.53515625 0.33984375 0.16640625
0 0.83203125 0.36171875 0.33125 0.22265625
0 0.146875 0.54453125 0.29375 0.1640625
0 0.296875 0.08515625 0.24765625 0.140625
0 0.67421875 0.23125 0.35234375 0.1625
0 0.31640625 0.2296875 0.3625 0.19609375
0 0.07734375 0.1140625 0.15390625 0.1265625
0 0.92109375 0.221875 0.15390625 0.1484375
0 0.075 0.21171875 0.15 0.1921875