0 0.49921875 0.37421875 0.99375 0.74609375
0 0.17421875 0.58515625 0.34765625 0.25
0 0.125 0.196875 0.25 0.16953125
0 0.14453125 0.37578125 0.2890625 0.2765625
0 0.45625 0.3734375 0.42109375 0.19921875
0 0.4625 0.1546875 0.44609375 0.26640625
0 0.49609375 0.53515625 0.37890625 0.16484375
0 0.73671875 0.3625 0.15625 0.1640625
0 0.034375 0.6484375 0.06875 0.21015625
0 0.890625 0.2171875 0.17265625 0.159375
0 0.39609375 0.06640625 0.56640625 0.13203125
0 0.7375 0.20859375 0.14140625 0.15546875
0 0.74296875 0.49609375 0.14765625 0.1390625
0 0.84453125 0.3546875 0.08984375 0.12890625
0 0.91953125 0.34765625 0.08515625 0.109375
0 0.84140625 0.4625 0.0875 0.1234375
0 0.91015625 0.44609375 0.075 0.10234375
0 0.81640625 0.1609375 0.31640625 0.27265625