0 0.72109375 0.4828125 0.54140625 0.3078125
0 0.90859375 0.23515625 0.17890625 0.3125
0 0.671875 0.71640625 0.51015625 0.2609375
0 0.75 0.275 0.19140625 0.1671875
0 0.34609375 0.50859375 0.2125 0.1890625
0 0.14765625 0.49921875 0.24140625 0.1734375
0 0.95390625 0.74296875 0.0875 0.27109375
0 0.49921875 0.49140625 0.99375 0.76640625
0 0.196875 0.2171875 0.22734375 0.1578125
0 0.41796875 0.2125 0.23515625 0.15546875
0 0.046875 0.2140625 0.09375 0.1359375
0 0.259375 0.3234375 0.21015625 0.12890625
0 0.08046875 0.32578125 0.16015625 0.1046875
0 0.98515625 0.521875 0.025 0.196875
0 0.48359375 0.309375 0.24609375 0.15
0 0.334375 0.3703125 0.66875 0.47421875
0 0.02265625 0.50078125 0.0453125 0.1328125
0 0.08359375 0.41015625 0.16640625 0.078125
0 0.575 0.23203125 0.17890625 0.1390625
0 0.26796875 0.41875 0.21015625 0.07578125