0 0.49921875 0.3921875 0.99375 0.45390625
0 0.03984375 0.228125 0.07890625 0.14296875
0 0.115625 0.5640625 0.23125 0.10859375
0 0.11875 0.45546875 0.2375 0.11171875
0 0.35390625 0.43203125 0.24609375 0.15
0 0.578125 0.54921875 0.21875 0.10703125
0 0.35078125 0.55546875 0.24765625 0.1109375
0 0.79140625 0.45078125 0.20390625 0.10859375
0 0.58203125 0.45078125 0.21875 0.09921875
0 0.29921875 0.3484375 0.21484375 0.10703125
0 0.50390625 0.3578125 0.19609375 0.090625
0 0.78515625 0.546875 0.20390625 0.0953125