0 0.37109375 0.396875 0.29140625 0.18515625
0 0.13671875 0.2015625 0.21015625 0.1296875
0 0.11640625 0.41171875 0.2328125 0.1609375
0 0.54921875 0.1859375 0.20625 0.1296875
0 0.240625 0.296875 0.28125 0.14140625
0 0.34453125 0.19609375 0.21015625 0.11328125
0 0.65234375 0.40859375 0.275 0.15234375
0 0.65234375 0.5265625 0.2875 0.1265625
0 0.36484375 0.5359375 0.2875 0.1265625
0 0.89140625 0.38359375 0.2125 0.17578125
0 0.11171875 0.546875 0.22265625 0.125
0 0.92265625 0.1875 0.14609375 0.115625
0 0.053125 0.2953125 0.10625 0.1
0 0.890625 0.51796875 0.21484375 0.11875
0 0.50703125 0.2921875 0.25625 0.14296875
0 0.93828125 0.2921875 0.11875 0.10234375
0 0.75078125 0.18828125 0.20234375 0.10703125
0 0.75859375 0.2890625 0.25390625 0.1390625