0 0.44296875 0.34765625 0.39375 0.25
0 0.80234375 0.0921875 0.27109375 0.18125
0 0.52734375 0.10234375 0.26640625 0.1671875
0 0.43984375 0.5359375 0.375 0.1734375
0 0.81015625 0.53125 0.37109375 0.16875
0 0.81328125 0.3578125 0.36484375 0.2203125
0 0.125 0.3734375 0.25 0.2078125
0 0.64140625 0.221875 0.35859375 0.16953125
0 0.49921875 0.31484375 0.99375 0.62265625
0 0.12734375 0.5421875 0.25390625 0.16484375
0 0.27734375 0.2203125 0.37109375 0.20078125
0 0.271875 0.07578125 0.24765625 0.13671875
0 0.90625 0.21171875 0.18359375 0.16171875
0 0.05703125 0.203125 0.1140625 0.19375
0 0.07734375 0.10703125 0.15390625 0.1265625