0 0.175 0.325 0.35 0.27734375
0 0.48671875 0.5171875 0.22265625 0.14296875
0 0.68125 0.5234375 0.20390625 0.14609375
0 0.08125 0.54296875 0.1625 0.1734375
0 0.68671875 0.525 0.61875 0.16171875
0 0.88828125 0.5296875 0.21484375 0.15546875
0 0.49921875 0.415625 0.99375 0.4609375
0 0.31015625 0.36171875 0.075 0.0921875
0 0.49765625 0.5359375 0.9953125 0.20625
0 0.221875 0.53046875 0.44375 0.203125
0 0.08515625 0.29140625 0.1703125 0.2078125
0 0.20625 0.5296875 0.10859375 0.13125
0 0.27890625 0.50859375 0.1125 0.1296875
0 0.21875 0.31171875 0.13359375 0.1828125