0 0.49921875 0.31640625 0.99375 0.6296875
0 0.76328125 0.35 0.40625 0.2359375
0 0.36328125 0.34921875 0.40234375 0.25
0 0.875 0.203125 0.24609375 0.16875
0 0.75546875 0.53125 0.39375 0.1734375
0 0.7609375 0.0875 0.271875 0.175
0 0.36640625 0.5375 0.38359375 0.178125
0 0.20078125 0.21484375 0.38125 0.2078125
0 0.2125 0.07265625 0.2625 0.1453125
0 0.08671875 0.37578125 0.17265625 0.20625
0 0.48046875 0.0921875 0.28125 0.16875
0 0.08984375 0.5453125 0.17890625 0.17109375
0 0.971875 0.34921875 0.05234375 0.125
0 0.96796875 0.45390625 0.06015625 0.115625
0 0.05234375 0.0828125 0.10390625 0.0953125
0 0.575 0.20078125 0.36640625 0.2015625