0 0.49765625 0.509375 0.9953125 0.15625
0 0.89609375 0.5203125 0.2 0.10390625
0 0.52890625 0.53359375 0.21640625 0.11171875
0 0.1125 0.51328125 0.21640625 0.14375
0 0.93828125 0.3734375 0.11875 0.2078125
0 0.321875 0.51328125 0.20625 0.1453125
0 0.70234375 0.50625 0.1875 0.1265625
0 0.03984375 0.4578125 0.07890625 0.078125
0 0.93828125 0.43359375 0.11484375 0.0875
0 0.90859375 0.43125 0.05859375 0.08125
0 0.96484375 0.43828125 0.06640625 0.0765625
0 0.8125 0.4625 0.16640625 0.0421875
0 0.94921875 0.3625 0.09375 0.0859375