0 0.69765625 0.415625 0.42890625 0.303125
0 0.25234375 0.67890625 0.50390625 0.24140625
0 0.24921875 0.45546875 0.49765625 0.2890625
0 0.67890625 0.64140625 0.40859375 0.2078125
0 0.79296875 0.26171875 0.34375 0.21015625
0 0.10703125 0.2296875 0.2140625 0.24375
0 0.11875 0.0921875 0.2375 0.184375
0 0.49765625 0.40390625 0.99140625 0.7984375
0 0.41953125 0.2 0.42265625 0.3359375
0 0.6625 0.12109375 0.2625 0.1390625
0 0.95078125 0.4234375 0.09375 0.25234375
0 0.92578125 0.6234375 0.14375 0.1640625
0 0.38046875 0.0921875 0.30234375 0.125
0 0.11171875 0.03984375 0.22265625 0.07890625
0 0.45234375 0.09921875 0.16640625 0.10390625
0 0.62109375 0.0921875 0.16640625 0.08046875