0 0.42578125 0.35625 0.53515625 0.29921875
0 0.41953125 0.57890625 0.48515625 0.21953125
0 0.496875 0.346875 0.98984375 0.69140625
0 0.090625 0.3765625 0.18125 0.25
0 0.640625 0.0765625 0.34375 0.153125
0 0.846875 0.4609375 0.25625 0.1671875
0 0.10546875 0.58046875 0.21015625 0.21015625
0 0.82265625 0.3515625 0.3125 0.15546875
0 0.2625 0.1796875 0.44140625 0.22265625
0 0.796875 0.18671875 0.38984375 0.2015625
0 0.33515625 0.06640625 0.3 0.13203125
0 0.67734375 0.51171875 0.10859375 0.18125
0 0.534375 0.19609375 0.14375 0.11328125
0 0.1 0.05546875 0.2 0.1109375
0 0.09921875 0.13125 0.19765625 0.259375