0 0.49765625 0.39140625 0.9953125 0.4515625
0 0.07734375 0.240625 0.15390625 0.1390625
0 0.4375 0.5453125 0.22109375 0.109375
0 0.203125 0.55390625 0.26015625 0.11328125
0 0.44375 0.44609375 0.21640625 0.1
0 0.65234375 0.4453125 0.2 0.109375
0 0.825 0.3734375 0.18359375 0.0875
0 0.92890625 0.2671875 0.1375 0.10234375
0 0.20546875 0.42578125 0.26015625 0.15546875
0 0.146875 0.33984375 0.22734375 0.1109375
0 0.64609375 0.54140625 0.2 0.09453125
0 0.36171875 0.34921875 0.20234375 0.0921875
0 0.83125 0.5421875 0.175 0.0875
0 0.83515625 0.45703125 0.175 0.08828125