0 0.53984375 0.46953125 0.5375 0.29921875
0 0.8875 0.4765625 0.22109375 0.35390625
0 0.49921875 0.46796875 0.99375 0.82578125
0 0.86171875 0.7359375 0.27265625 0.28984375
0 0.81953125 0.225 0.35234375 0.3453125
0 0.253125 0.35703125 0.50625 0.47421875
0 0.490625 0.696875 0.49375 0.2546875
0 0.17578125 0.496875 0.21015625 0.1921875
0 0.071875 0.196875 0.14375 0.15546875
0 0.59453125 0.26953125 0.20625 0.17109375
0 0.09921875 0.3234375 0.19765625 0.1046875
0 0.278125 0.31171875 0.17265625 0.1234375
0 0.86171875 0.58984375 0.26875 0.58125
0 0.24375 0.20234375 0.25390625 0.159375
0 0.10546875 0.41015625 0.21015625 0.07890625
0 0.10390625 0.47421875 0.2078125 0.2078125
0 0.51484375 0.50859375 0.74609375 0.5421875