0 0.15234375 0.14921875 0.30390625 0.2296875
0 0.23359375 0.609375 0.46640625 0.265625
0 0.29296875 0.3546875 0.58515625 0.3515625
0 0.4984375 0.37109375 0.99375 0.7421875
0 0.7375 0.34609375 0.35 0.178125
0 0.58359375 0.06328125 0.37890625 0.1265625
0 0.53125 0.5328125 0.20390625 0.21796875
0 0.41015625 0.17734375 0.24140625 0.13828125
0 0.728125 0.17734375 0.39765625 0.18515625
0 0.76484375 0.484375 0.29609375 0.1640625
0 0.2375 0.0640625 0.24609375 0.12734375
0 0.94765625 0.3359375 0.1 0.14609375
0 0.95390625 0.18828125 0.0875 0.1640625
0 0.94453125 0.45234375 0.10234375 0.14296875
0 0.43203125 0.33828125 0.30625 0.259375
0 0.93046875 0.15390625 0.13515625 0.23203125