0 0.22734375 0.53984375 0.28359375 0.1828125
0 0.68203125 0.525 0.21875 0.14296875
0 0.28515625 0.38046875 0.56640625 0.50625
0 0.88828125 0.534375 0.21484375 0.15078125
0 0.07421875 0.434375 0.14765625 0.13828125
0 0.21484375 0.3359375 0.15390625 0.1296875
0 0.07265625 0.328125 0.14140625 0.11796875
0 0.38828125 0.525 0.15234375 0.14765625
0 0.09375 0.209375 0.1875 0.17109375
0 0.51484375 0.37109375 0.07109375 0.08828125
0 0.05078125 0.56171875 0.1015625 0.1265625
0 0.49375 0.515625 0.08359375 0.125
0 0.41015625 0.36328125 0.08359375 0.08984375
0 0.33046875 0.35546875 0.09375 0.09296875
0 0.46640625 0.36953125 0.04140625 0.07421875
0 0.53515625 0.53984375 0.91640625 0.1984375
0 0.784375 0.53046875 0.42265625 0.1578125
0 0.33828125 0.2796875 0.08515625 0.0859375
0 0.24609375 0.26796875 0.1125 0.09921875
0 0.34296875 0.33203125 0.41484375 0.275