0 0.49765625 0.40078125 0.9953125 0.4578125
0 0.21953125 0.44375 0.21875 0.1140625
0 0.88671875 0.56015625 0.22265625 0.11796875
0 0.89453125 0.44921875 0.20625 0.1296875
0 0.21640625 0.54453125 0.21640625 0.10234375
0 0.39921875 0.36875 0.18125 0.090625
0 0.71875 0.34296875 0.1875 0.1109375
0 0.05546875 0.55 0.11015625 0.12109375
0 0.7 0.54140625 0.17109375 0.10390625
0 0.40859375 0.5421875 0.17109375 0.08828125
0 0.41015625 0.45546875 0.17109375 0.08828125
0 0.05625 0.4390625 0.1125 0.109375
0 0.71640625 0.45 0.175 0.109375
0 0.18359375 0.35234375 0.25390625 0.1015625
0 0.05625 0.259375 0.1125 0.10390625