0 0.24140625 0.378125 0.4828125 0.228125
0 0.23984375 0.140625 0.47890625 0.2796875
0 0.4984375 0.34765625 0.99375 0.6953125
0 0.046875 0.596875 0.09375 0.22421875
0 0.28203125 0.55859375 0.45625 0.20078125
0 0.57109375 0.1390625 0.275 0.278125
0 0.58671875 0.36328125 0.26484375 0.1859375
0 0.60390625 0.5109375 0.22890625 0.1640625
0 0.76953125 0.35234375 0.13984375 0.14609375
0 0.97734375 0.1765625 0.04140625 0.19921875
0 0.88203125 0.45078125 0.11484375 0.11640625
0 0.89296875 0.34296875 0.12734375 0.125
0 0.771875 0.4765625 0.12734375 0.134375
0 0.828125 0.153125 0.26484375 0.26875
0 0.88125 0.175 0.16640625 0.2203125