0 0.49921875 0.353125 0.99375 0.70625
0 0.21171875 0.36875 0.42265625 0.2453125
0 0.22734375 0.55859375 0.45390625 0.21015625
0 0.20390625 0.13046875 0.4078125 0.2609375
0 0.52421875 0.3515625 0.32734375 0.1984375
0 0.53203125 0.1671875 0.27734375 0.1859375
0 0.759375 0.33984375 0.16875 0.15234375
0 0.56015625 0.50859375 0.27890625 0.171875
0 0.765625 0.47421875 0.15234375 0.13671875
0 0.90390625 0.3296875 0.14609375 0.13125
0 0.81640625 0.19453125 0.3125 0.1484375
0 0.89765625 0.44375 0.1375 0.1265625
0 0.9 0.15234375 0.1625 0.23359375
0 0.49375 0.134375 0.98359375 0.26875