0 0.10390625 0.540625 0.2078125 0.178125
0 0.52734375 0.51796875 0.22109375 0.14140625
0 0.70625 0.5265625 0.57890625 0.1640625
0 0.91171875 0.5515625 0.17265625 0.115625
0 0.72421875 0.52578125 0.20625 0.14609375
0 0.49921875 0.41015625 0.99375 0.471875
0 0.49921875 0.53515625 0.99375 0.20546875
0 0.19609375 0.29765625 0.39140625 0.225
0 0.23828125 0.52890625 0.12734375 0.13359375
0 0.24140625 0.3578125 0.09140625 0.090625
0 0.24140625 0.5296875 0.4828125 0.203125
0 0.35234375 0.3640625 0.075 0.090625
0 0.0625 0.3328125 0.125 0.1265625
0 0.33203125 0.50859375 0.08984375 0.13359375
0 0.23984375 0.40703125 0.47890625 0.4671875