0 0.49765625 0.32421875 0.99140625 0.6484375
0 0.52265625 0.09765625 0.44140625 0.19453125
0 0.840625 0.26640625 0.25625 0.18359375
0 0.55859375 0.36640625 0.42890625 0.3703125
0 0.54140625 0.28046875 0.39140625 0.20078125
0 0.225 0.5125 0.45 0.22265625
0 0.19375 0.30625 0.3875 0.26640625
0 0.22734375 0.31484375 0.45390625 0.62734375
0 0.85390625 0.421875 0.25 0.159375
0 0.57109375 0.4484375 0.3625 0.2078125
0 0.84140625 0.09375 0.25390625 0.1875
0 0.17578125 0.09453125 0.3515625 0.1890625
0 0.84375 0.2515625 0.265625 0.503125
0 0.96875 0.26328125 0.05859375 0.52578125
0 0.97109375 0.2578125 0.05390625 0.1875
0 0.97109375 0.08203125 0.05390625 0.1640625