0 0.5 0.41015625 0.99609375 0.4390625
0 0.13515625 0.56640625 0.2703125 0.1140625
0 0.39453125 0.565625 0.25234375 0.11640625
0 0.1375 0.44609375 0.275 0.15078125
0 0.86640625 0.5671875 0.23359375 0.1109375
0 0.6375 0.56875 0.24140625 0.109375
0 0.64375 0.446875 0.24140625 0.1484375
0 0.87734375 0.4671875 0.23359375 0.1
0 0.51640625 0.27578125 0.17109375 0.125
0 0.13984375 0.33671875 0.24609375 0.12890625
0 0.40234375 0.44921875 0.25859375 0.1484375
0 0.28828125 0.27421875 0.19765625 0.1140625
0 0.59296875 0.36484375 0.21015625 0.1046875
0 0.79609375 0.37109375 0.2 0.0875
0 0.571875 0.26875 0.84765625 0.1578125
0 0.70078125 0.2828125 0.20625 0.12109375
0 0.378125 0.36015625 0.22734375 0.09765625