0 0.51796875 0.4078125 0.95625 0.4359375
0 0.2 0.440625 0.275 0.1546875
0 0.19609375 0.5609375 0.275 0.115625
0 0.20390625 0.3359375 0.24140625 0.1296875
0 0.45546875 0.5640625 0.25234375 0.115625
0 0.70625 0.4453125 0.24609375 0.15234375
0 0.69921875 0.5671875 0.24765625 0.1109375
0 0.33125 0.26328125 0.2375 0.13125
0 0.90546875 0.56640625 0.18515625 0.11328125
0 0.46484375 0.44609375 0.25859375 0.15234375
0 0.03984375 0.421875 0.07890625 0.11796875
0 0.65546875 0.3625 0.21015625 0.1046875
0 0.93203125 0.29921875 0.13125 0.08984375
0 0.86015625 0.36875 0.20390625 0.08984375
0 0.55546875 0.26796875 0.21875 0.1390625
0 0.91015625 0.44453125 0.175 0.14375
0 0.43828125 0.359375 0.22734375 0.09921875
0 0.034375 0.5515625 0.06875 0.1109375
0 0.76484375 0.28046875 0.20859375 0.1203125