0 0.30625 0.5421875 0.27890625 0.18046875
0 0.32265625 0.384375 0.6453125 0.5
0 0.75859375 0.53046875 0.2125 0.14140625
0 0.93046875 0.53828125 0.13515625 0.15234375
0 0.115625 0.434375 0.23125 0.13828125
0 0.09140625 0.5625 0.1828125 0.134375
0 0.296875 0.33828125 0.15234375 0.13203125
0 0.14921875 0.21640625 0.25234375 0.16640625
0 0.59296875 0.37265625 0.07265625 0.08984375
0 0.11328125 0.32890625 0.2265625 0.1203125
0 0.48515625 0.53671875 0.10859375 0.12734375
0 0.409375 0.35859375 0.08984375 0.09453125
0 0.48828125 0.36640625 0.08125 0.090625
0 0.56796875 0.51328125 0.08515625 0.13203125
0 0.42421875 0.44140625 0.38984375 0.08515625
0 0.29140625 0.44140625 0.125 0.0828125
0 0.49921875 0.5421875 0.99375 0.2015625
0 0.41640625 0.284375 0.0875 0.08515625
0 0.425 0.3328125 0.40859375 0.29140625