0 0.42421875 0.353125 0.51875 0.29609375
0 0.42421875 0.575 0.47734375 0.21328125
0 0.48828125 0.3421875 0.9765625 0.684375
0 0.6375 0.078125 0.37890625 0.15546875
0 0.09453125 0.37109375 0.1890625 0.2546875
0 0.10703125 0.5765625 0.2140625 0.209375
0 0.82578125 0.46015625 0.23984375 0.16171875
0 0.80234375 0.35 0.30390625 0.153125
0 0.77265625 0.190625 0.375 0.19453125
0 0.32109375 0.06640625 0.29609375 0.13203125
0 0.67265625 0.50625 0.09609375 0.1765625
0 0.09140625 0.128125 0.1828125 0.25625
0 0.3125 0.17734375 0.54609375 0.22734375
0 0.97890625 0.36640625 0.0375 0.17578125
0 0.98125 0.23125 0.03359375 0.10625