0 0.49765625 0.39296875 0.9953125 0.4515625
0 0.18203125 0.42421875 0.24765625 0.14765625
0 0.40546875 0.4453125 0.20234375 0.11171875
0 0.578125 0.346875 0.17734375 0.1390625
0 0.05234375 0.234375 0.10390625 0.14140625
0 0.18359375 0.54765625 0.24140625 0.11640625
0 0.9 0.3421875 0.19140625 0.11328125
0 0.40234375 0.5421875 0.20390625 0.09921875
0 0.5875 0.540625 0.17109375 0.0859375
0 0.103125 0.3421875 0.20625 0.1
0 0.58984375 0.45625 0.17109375 0.0875
0 0.89921875 0.44765625 0.18125 0.109375
0 0.88671875 0.54140625 0.18125 0.1109375
0 0.20234375 0.2484375 0.20390625 0.13671875
0 0.034375 0.55859375 0.06875 0.1140625