0 0.49921875 0.36640625 0.99375 0.73203125
0 0.10859375 0.121875 0.21640625 0.24375
0 0.44453125 0.52734375 0.36484375 0.196875
0 0.39296875 0.1421875 0.38515625 0.21796875
0 0.778125 0.13046875 0.43515625 0.2609375
0 0.396875 0.35234375 0.41875 0.2203125
0 0.12421875 0.3609375 0.24765625 0.2546875
0 0.90703125 0.13203125 0.18125 0.25234375
0 0.90390625 0.32578125 0.18359375 0.15
0 0.146875 0.5734375 0.29375 0.24296875
0 0.71015625 0.48203125 0.2375 0.16171875
0 0.70625 0.3375 0.24609375 0.17421875
0 0.90546875 0.45234375 0.17734375 0.13828125
0 0.40390625 0.0453125 0.43359375 0.090625