0 0.76953125 0.7171875 0.45625 0.28515625
0 0.790625 0.47734375 0.41015625 0.32578125
0 0.34453125 0.45546875 0.53515625 0.29453125
0 0.70390625 0.2609375 0.4875 0.25
0 0.309375 0.6890625 0.48515625 0.22734375
0 0.5 0.45234375 0.99140625 0.8125
0 0.88046875 0.1234375 0.23515625 0.1578125
0 0.61953125 0.11875 0.28984375 0.14609375
0 0.10546875 0.1859375 0.21015625 0.159375
0 0.10703125 0.296875 0.18984375 0.13203125
0 0.1625 0.34765625 0.325 0.4796875
0 0.39765625 0.25703125 0.17109375 0.1671875
0 0.04453125 0.4875 0.0890625 0.196875
0 0.96171875 0.26171875 0.07265625 0.19140625
0 0.23671875 0.21171875 0.18125 0.15
0 0.27265625 0.2265625 0.10859375 0.11328125
0 0.39375 0.20859375 0.14609375 0.0734375