0 0.49921875 0.40390625 0.99765625 0.484375
0 0.71875 0.5328125 0.22890625 0.16484375
0 0.790625 0.24765625 0.23515625 0.1578125
0 0.64921875 0.36171875 0.18984375 0.1
0 0.23828125 0.41875 0.21015625 0.11328125
0 0.80625 0.36171875 0.14609375 0.10390625
0 0.51953125 0.515625 0.20234375 0.15078125
0 0.59296875 0.25703125 0.18515625 0.14375
0 0.90390625 0.565625 0.1875 0.1546875
0 0.4875 0.36640625 0.15390625 0.08984375
0 0.43671875 0.265625 0.16875 0.12890625
0 0.35234375 0.5046875 0.1625 0.13203125
0 0.2 0.51484375 0.16640625 0.09296875