0 0.42734375 0.3609375 0.52890625 0.2875
0 0.42109375 0.578125 0.48359375 0.2171875
0 0.49453125 0.3453125 0.98515625 0.6890625
0 0.64296875 0.078125 0.36875 0.15546875
0 0.78984375 0.190625 0.38359375 0.19921875
0 0.09140625 0.37421875 0.1828125 0.2515625
0 0.10546875 0.5796875 0.21015625 0.20859375
0 0.26171875 0.1828125 0.43984375 0.221875
0 0.81796875 0.35078125 0.31484375 0.1546875
0 0.840625 0.46015625 0.25234375 0.16640625
0 0.328125 0.06640625 0.3 0.1328125
0 0.675 0.509375 0.10859375 0.17890625
0 0.53046875 0.19609375 0.13984375 0.11328125
0 0.09609375 0.13046875 0.19140625 0.2609375
0 0.096875 0.06328125 0.19375 0.1265625