0 0.49921875 0.32109375 0.99375 0.55859375
0 0.24921875 0.37421875 0.35625 0.1875
0 0.32265625 0.1140625 0.22890625 0.15
0 0.80234375 0.12265625 0.25390625 0.153125
0 0.60390625 0.35 0.34609375 0.2203125
0 0.87421875 0.509375 0.24765625 0.14140625
0 0.13984375 0.225 0.27890625 0.18515625
0 0.25859375 0.52109375 0.35859375 0.153125
0 0.109375 0.12265625 0.21875 0.12265625
0 0.55390625 0.1265625 0.23359375 0.14375
0 0.59609375 0.51484375 0.32890625 0.15
0 0.43125 0.2390625 0.32109375 0.1765625
0 0.88046875 0.3609375 0.23515625 0.18359375
0 0.74296875 0.24375 0.30625 0.1390625
0 0.04296875 0.3859375 0.08515625 0.159375
0 0.94453125 0.225 0.10625 0.14765625
0 0.04453125 0.52890625 0.0890625 0.1453125