0 0.49765625 0.4125 0.9953125 0.509375
0 0.85703125 0.5640625 0.28125 0.1875
0 0.66953125 0.453125 0.26015625 0.13125
0 0.63203125 0.56015625 0.22265625 0.1203125
0 0.446875 0.54296875 0.16875 0.1046875
0 0.875 0.3609375 0.1625 0.1203125
0 0.14453125 0.5484375 0.18984375 0.09453125
0 0.73359375 0.23828125 0.2375 0.1578125
0 0.73203125 0.34765625 0.13125 0.115625
0 0.134375 0.3671875 0.19765625 0.09296875
0 0.46484375 0.34609375 0.18359375 0.11171875
0 0.46171875 0.45234375 0.17265625 0.109375
0 0.14765625 0.4578125 0.1875 0.0921875
0 0.89765625 0.4578125 0.19609375 0.08515625
0 0.025 0.5484375 0.05 0.10625
0 0.30703125 0.53515625 0.13984375 0.09296875
0 0.30703125 0.45 0.13515625 0.0953125