0 0.56796875 0.6734375 0.52265625 0.24296875
0 0.16796875 0.425 0.33515625 0.3640625
0 0.58046875 0.4578125 0.50625 0.28046875
0 0.15390625 0.69453125 0.3078125 0.2421875
0 0.49921875 0.4125 0.99375 0.80859375
0 0.90390625 0.42578125 0.1875 0.30625
0 0.896875 0.6546875 0.20234375 0.221875
0 0.76875 0.20546875 0.43359375 0.328125
0 0.43203125 0.09765625 0.30234375 0.18125
0 0.33359375 0.2390625 0.44609375 0.25390625
0 0.14921875 0.090625 0.29765625 0.16015625
0 0.93828125 0.109375 0.11875 0.1265625
0 0.05703125 0.20546875 0.1140625 0.2390625
0 0.72578125 0.09765625 0.29765625 0.12109375
0 0.79765625 0.1 0.15390625 0.10625