0 0.69609375 0.44140625 0.55859375 0.35859375
0 0.221875 0.4390625 0.44375 0.30625
0 0.64921875 0.696875 0.53984375 0.27109375
0 0.19375 0.68515625 0.3875 0.2125
0 0.75234375 0.11640625 0.35 0.15234375
0 0.51640625 0.2515625 0.48359375 0.24765625
0 0.49921875 0.4359375 0.99375 0.79375
0 0.2375 0.2453125 0.175 0.1671875
0 0.95 0.70390625 0.09609375 0.2546875
0 0.453125 0.10546875 0.28984375 0.13359375
0 0.93984375 0.11015625 0.11640625 0.11640625
0 0.08046875 0.23359375 0.16015625 0.203125
0 0.96953125 0.4984375 0.05625 0.23203125
0 0.05625 0.19453125 0.1125 0.125
0 0.05546875 0.2703125 0.11015625 0.13671875
0 0.86953125 0.259375 0.25625 0.25
0 0.10546875 0.21015625 0.11015625 0.10703125
0 0.49921875 0.21015625 0.99375 0.3421875