0 0.6 0.4140625 0.42109375 0.3015625
0 0.20078125 0.45546875 0.4015625 0.2953125
0 0.20625 0.68125 0.4125 0.24296875
0 0.58359375 0.63984375 0.4 0.20390625
0 0.49921875 0.4078125 0.99375 0.79609375
0 0.878125 0.6171875 0.23984375 0.16171875
0 0.56328125 0.12265625 0.26015625 0.14375
0 0.90078125 0.44375 0.19375 0.19921875
0 0.05625 0.215625 0.1125 0.25703125
0 0.06796875 0.08984375 0.13515625 0.178125
0 0.69296875 0.259375 0.33984375 0.2125
0 0.31796875 0.23984375 0.43125 0.25390625
0 0.928125 0.2609375 0.13984375 0.0921875
0 0.278125 0.08828125 0.30625 0.125
0 0.36328125 0.096875 0.13984375 0.10390625
0 0.57734375 0.4125 0.625 0.41171875