0 0.74375 0.38828125 0.50390625 0.3609375
0 0.134375 0.52265625 0.23984375 0.1203125
0 0.503125 0.50390625 0.18984375 0.10390625
0 0.315625 0.5109375 0.18515625 0.09296875
0 0.92421875 0.30703125 0.14375 0.18984375
0 0.75390625 0.26328125 0.20859375 0.11171875
0 0.29921875 0.50390625 0.59765625 0.15546875
0 0.75234375 0.43515625 0.20390625 0.08984375
0 0.76796875 0.3453125 0.21015625 0.10390625
0 0.75234375 0.509375 0.225 0.096875
0 0.34765625 0.49296875 0.30390625 0.1296875
0 0.92421875 0.44140625 0.14765625 0.08515625
0 0.91953125 0.5203125 0.15625 0.08125
0 0.49921875 0.3953125 0.99375 0.375