0 0.49375 0.39375 0.9875 0.490625
0 0.84921875 0.7359375 0.29765625 0.28984375
0 0.86796875 0.51328125 0.26015625 0.29921875
0 0.22421875 0.50234375 0.21015625 0.15546875
0 0.434375 0.5140625 0.23984375 0.16953125
0 0.63046875 0.52890625 0.23515625 0.19453125
0 0.35078125 0.34765625 0.18515625 0.1046875
0 0.76484375 0.31875 0.25390625 0.1640625
0 0.06953125 0.49296875 0.1390625 0.1421875
0 0.48125 0.2375 0.22109375 0.1546875
0 0.70390625 0.2296875 0.25859375 0.16171875
0 0.12734375 0.25 0.17890625 0.1296875
0 0.28828125 0.24375 0.18515625 0.14375
0 0.18203125 0.35 0.16015625 0.096875
0 0.84921875 0.5421875 0.29765625 0.6765625
0 0.53828125 0.34140625 0.20625 0.1265625