0 0.49921875 0.34765625 0.99375 0.69375
0 0.42265625 0.35546875 0.55 0.30078125
0 0.25859375 0.171875 0.45 0.2265625
0 0.6703125 0.07578125 0.390625 0.1515625
0 0.4125 0.58125 0.49140625 0.221875
0 0.08515625 0.37578125 0.1703125 0.2515625
0 0.83203125 0.35078125 0.32265625 0.15703125
0 0.80546875 0.1828125 0.38515625 0.21015625
0 0.1 0.5796875 0.2 0.2109375
0 0.85625 0.46484375 0.2625 0.1640625
0 0.34765625 0.06796875 0.29609375 0.1359375
0 0.67734375 0.51328125 0.12109375 0.1859375
0 0.53671875 0.19375 0.15625 0.115625
0 0.10390625 0.13046875 0.2078125 0.2609375
0 0.10390625 0.05625 0.2078125 0.1125