0 0.37890625 0.42734375 0.54609375 0.35234375
0 0.8 0.68515625 0.39140625 0.2546875
0 0.815625 0.46953125 0.36484375 0.2828125
0 0.659375 0.24140625 0.44375 0.25703125
0 0.753125 0.0984375 0.30625 0.1828125
0 0.221875 0.19296875 0.44375 0.3359375
0 0.34609375 0.67890625 0.52890625 0.2546875
0 0.49921875 0.41484375 0.99375 0.803125
0 0.44765625 0.1078125 0.34609375 0.1546875
0 0.94921875 0.09765625 0.09765625 0.13125
0 0.04375 0.6734375 0.0875 0.2078125
0 0.06640625 0.45 0.1328125 0.26875
0 0.93671875 0.25859375 0.12265625 0.22265625
0 0.146875 0.090625 0.29375 0.134375