0 0.49921875 0.36953125 0.99375 0.7390625
0 0.44609375 0.14765625 0.34609375 0.2109375
0 0.446875 0.34765625 0.37734375 0.21328125
0 0.14453125 0.121875 0.2890625 0.24375
0 0.178125 0.56875 0.35625 0.2359375
0 0.79296875 0.1328125 0.40234375 0.2484375
0 0.48828125 0.515625 0.33515625 0.1890625
0 0.15625 0.365625 0.3125 0.26171875
0 0.72734375 0.33359375 0.22109375 0.16484375
0 0.90859375 0.32265625 0.17109375 0.1453125
0 0.90703125 0.1421875 0.17265625 0.22734375
0 0.73203125 0.47734375 0.20234375 0.14609375
0 0.90546875 0.44609375 0.16484375 0.134375
0 0.5 0.12890625 0.9875 0.25703125