0 0.49921875 0.38671875 0.99375 0.77109375
0 0.53125 0.36328125 0.4 0.19140625
0 0.275 0.5640625 0.30390625 0.240625
0 0.19296875 0.1890625 0.27734375 0.15703125
0 0.09296875 0.63984375 0.18515625 0.265625
0 0.203125 0.3671875 0.33984375 0.2609375
0 0.57109375 0.515625 0.35 0.1671875
0 0.53515625 0.153125 0.425 0.25703125
0 0.1109375 0.08046875 0.221875 0.1609375
0 0.06953125 0.384375 0.1390625 0.30625
0 0.91796875 0.2109375 0.13984375 0.15546875
0 0.79296875 0.353125 0.13984375 0.159375
0 0.46015625 0.06328125 0.53359375 0.1265625
0 0.79765625 0.2046875 0.12109375 0.14765625
0 0.95078125 0.3375 0.07734375 0.10859375
0 0.825 0.47109375 0.1875 0.159375