0 0.22421875 0.3421875 0.42734375 0.25703125
0 0.68203125 0.0828125 0.28125 0.16484375
0 0.64453125 0.53046875 0.41484375 0.17890625
0 0.63984375 0.3375 0.40859375 0.25234375
0 0.23671875 0.5359375 0.41015625 0.18984375
0 0.496875 0.31640625 0.98984375 0.6296875
0 0.13515625 0.1953125 0.2703125 0.2125
0 0.3921875 0.078125 0.290625 0.15625
0 0.81328125 0.18671875 0.31015625 0.1828125
0 0.1265625 0.0734375 0.253125 0.146875
0 0.4625 0.184375 0.39140625 0.20625
0 0.88984375 0.3390625 0.125 0.13359375
0 0.88515625 0.44296875 0.1125 0.1234375
0 0.97421875 0.21328125 0.04765625 0.14140625
0 0.96953125 0.32265625 0.05625 0.08125
0 0.96484375 0.40234375 0.06640625 0.0828125
0 0.02109375 0.53359375 0.04140625 0.15703125
0 0.81875 0.3046875 0.275 0.2015625