0 0.28203125 0.35390625 0.5640625 0.3578125
0 0.21875 0.61640625 0.4375 0.2609375
0 0.49921875 0.37421875 0.99375 0.74609375
0 0.1375 0.14765625 0.275 0.225
0 0.71796875 0.346875 0.35625 0.17890625
0 0.49453125 0.534375 0.23984375 0.21953125
0 0.38828125 0.1765625 0.25234375 0.140625
0 0.74609375 0.15 0.475 0.24140625
0 0.56796875 0.0625 0.38515625 0.125
0 0.74609375 0.4890625 0.30390625 0.1578125
0 0.93984375 0.33671875 0.1125 0.15
0 0.24453125 0.06328125 0.31015625 0.1265625
0 0.97109375 0.18359375 0.05390625 0.18046875
0 0.93671875 0.453125 0.11875 0.1453125
0 0.91328125 0.15078125 0.14765625 0.23359375