0 0.42578125 0.35625 0.53984375 0.29921875
0 0.49765625 0.346875 0.99140625 0.69140625
0 0.41875 0.5796875 0.4875 0.2203125
0 0.65390625 0.0765625 0.36640625 0.153125
0 0.26015625 0.178125 0.44140625 0.2265625
0 0.8 0.1859375 0.39140625 0.20546875
0 0.08984375 0.3765625 0.17890625 0.2515625
0 0.85078125 0.4609375 0.26015625 0.1671875
0 0.82734375 0.35078125 0.3125 0.15703125
0 0.103125 0.58203125 0.20625 0.20625
0 0.33828125 0.0671875 0.29765625 0.134375
0 0.67734375 0.51171875 0.1125 0.18359375
0 0.53515625 0.1953125 0.14140625 0.1140625
0 0.10078125 0.07734375 0.2015625 0.1546875