0 0.74140625 0.4171875 0.43359375 0.30546875
0 0.278125 0.6765625 0.53515625 0.24140625
0 0.28046875 0.45546875 0.51875 0.28671875
0 0.721875 0.6421875 0.41015625 0.20859375
0 0.70625 0.12109375 0.26640625 0.13828125
0 0.13046875 0.234375 0.26015625 0.25
0 0.14140625 0.09140625 0.2828125 0.1828125
0 0.82734375 0.2625 0.34140625 0.21328125
0 0.49765625 0.40234375 0.99140625 0.7984375
0 0.94765625 0.6234375 0.1 0.1671875
0 0.42421875 0.09609375 0.29765625 0.12890625
0 0.94765625 0.53984375 0.1 0.3359375
0 0.01484375 0.46015625 0.02890625 0.22734375
0 0.97421875 0.4609375 0.04765625 0.17890625
0 0.46484375 0.24609375 0.425 0.2484375
0 0.49375 0.09921875 0.1625 0.1015625