0 0.49921875 0.32578125 0.99375 0.58046875
0 0.18671875 0.3796875 0.37265625 0.19609375
0 0.83359375 0.11953125 0.27109375 0.16640625
0 0.11796875 0.18671875 0.23515625 0.2515625
0 0.85859375 0.52890625 0.27890625 0.15703125
0 0.19453125 0.53359375 0.36875 0.16171875
0 0.56015625 0.35703125 0.36640625 0.23125
0 0.73125 0.2296875 0.33359375 0.18125
0 0.86484375 0.3671875 0.26640625 0.20625
0 0.55 0.53125 0.35 0.16171875
0 0.3375 0.11015625 0.24140625 0.1546875
0 0.575 0.12109375 0.2375 0.1484375
0 0.115625 0.121875 0.23125 0.1234375
0 0.39453125 0.2328125 0.34375 0.196875
0 0.94140625 0.24375 0.1125 0.109375