0 0.49921875 0.3640625 0.99375 0.72265625
0 0.14296875 0.5984375 0.28515625 0.2609375
0 0.39375 0.38125 0.44609375 0.203125
0 0.11328125 0.38125 0.2265625 0.275
0 0.09453125 0.20078125 0.1890625 0.1734375
0 0.43671875 0.5328125 0.39375 0.19921875
0 0.40234375 0.15625 0.45390625 0.27265625
0 0.975 0.20234375 0.04609375 0.17578125
0 0.69375 0.36875 0.17109375 0.16640625
0 0.34375 0.06640625 0.590625 0.1328125
0 0.69609375 0.2125 0.15859375 0.1578125
0 0.70390625 0.50390625 0.15859375 0.14609375
0 0.85625 0.23203125 0.175 0.140625
0 0.81953125 0.3609375 0.09765625 0.1296875