0 0.496875 0.33984375 0.990625 0.6796875
0 0.534375 0.11171875 0.428125 0.2234375
0 0.22734375 0.53671875 0.45390625 0.21953125
0 0.55703125 0.31015625 0.38125 0.19609375
0 0.84375 0.109375 0.259375 0.21875
0 0.846875 0.2984375 0.24375 0.17421875
0 0.203125 0.33359375 0.40625 0.25703125
0 0.58046875 0.4734375 0.34375 0.20859375
0 0.85390625 0.44921875 0.24609375 0.15546875
0 0.1890625 0.11171875 0.378125 0.2234375
0 0.97265625 0.1015625 0.05 0.203125
0 0.97109375 0.290625 0.05390625 0.18046875
0 0.22578125 0.32578125 0.4515625 0.6484375