0 0.49921875 0.315625 0.99375 0.62890625
0 0.765625 0.08828125 0.27265625 0.1765625
0 0.76875 0.3484375 0.4 0.2390625
0 0.878125 0.20390625 0.23984375 0.16953125
0 0.759375 0.5328125 0.38984375 0.16953125
0 0.375 0.5359375 0.38359375 0.178125
0 0.58203125 0.20625 0.36875 0.19375
0 0.484375 0.0921875 0.28125 0.1671875
0 0.20859375 0.21484375 0.38359375 0.2078125
0 0.37109375 0.35234375 0.4 0.24296875
0 0.221875 0.0734375 0.25625 0.14609375
0 0.08984375 0.3734375 0.17890625 0.20859375
0 0.09375 0.5453125 0.1875 0.17109375
0 0.971875 0.3984375 0.05234375 0.22421875
0 0.05625 0.08203125 0.1125 0.090625