0 0.49765625 0.4015625 0.9953125 0.4625
0 0.89296875 0.4484375 0.21015625 0.13203125
0 0.88203125 0.56015625 0.23125 0.1203125
0 0.2125 0.44453125 0.21640625 0.11328125
0 0.17734375 0.328125 0.25390625 0.15
0 0.21015625 0.54453125 0.21640625 0.10234375
0 0.39375 0.36875 0.18359375 0.08984375
0 0.7125 0.34375 0.1875 0.109375
0 0.05234375 0.54921875 0.10390625 0.1203125
0 0.69453125 0.54140625 0.17265625 0.10390625
0 0.40546875 0.45546875 0.17265625 0.08828125
0 0.403125 0.5421875 0.17265625 0.08828125
0 0.55234375 0.3578125 0.14609375 0.090625
0 0.71015625 0.45 0.175 0.10703125
0 0.053125 0.4375 0.10625 0.11328125
0 0.88984375 0.34296875 0.2125 0.10390625
0 0.55390625 0.5296875 0.1375 0.0921875
0 0.55859375 0.44765625 0.14140625 0.09765625