0 0.43515625 0.42890625 0.54140625 0.3515625
0 0.40078125 0.68125 0.52734375 0.25390625
0 0.828125 0.6890625 0.33984375 0.25859375
0 0.84296875 0.47265625 0.31015625 0.28671875
0 0.715625 0.2453125 0.44765625 0.25234375
0 0.09609375 0.44296875 0.19140625 0.29140625
0 0.80703125 0.09765625 0.32265625 0.1828125
0 0.49921875 0.415625 0.99375 0.8078125
0 0.965625 0.2578125 0.06484375 0.215625
0 0.50390625 0.10859375 0.35 0.15078125
0 0.071875 0.67890625 0.14375 0.2171875
0 0.25234375 0.19609375 0.5 0.3359375
0 0.97734375 0.11875 0.04140625 0.0859375
0 0.19609375 0.09140625 0.2875 0.13125
0 0.496875 0.19296875 0.98515625 0.35703125