0 0.11796875 0.378125 0.23515625 0.21328125
0 0.38671875 0.38828125 0.32265625 0.17578125
0 0.396875 0.52421875 0.32734375 0.14296875
0 0.11953125 0.53828125 0.2390625 0.1421875
0 0.70234375 0.36640625 0.31640625 0.1859375
0 0.353125 0.1453125 0.21875 0.14609375
0 0.12421875 0.1578125 0.24375 0.1265625
0 0.2375 0.25859375 0.3 0.159375
0 0.80234375 0.13984375 0.23359375 0.1234375
0 0.70078125 0.5109375 0.30234375 0.13359375
0 0.91875 0.5015625 0.15859375 0.1203125
0 0.80546875 0.25859375 0.28125 0.1296875
0 0.57734375 0.14921875 0.22890625 0.1265625
0 0.92578125 0.3640625 0.14375 0.1671875
0 0.525 0.2578125 0.29609375 0.159375
0 0.046875 0.24375 0.09375 0.1640625