0 0.27578125 0.51328125 0.22734375 0.14375
0 0.47578125 0.51640625 0.20234375 0.14375
0 0.06484375 0.35546875 0.12890625 0.0953125
0 0.49921875 0.5125 0.99375 0.16640625
0 0.68203125 0.5203125 0.22265625 0.15078125
0 0.853125 0.5125 0.21484375 0.13125
0 0.03359375 0.2796875 0.06640625 0.0859375
0 0.12109375 0.41953125 0.24140625 0.36171875
0 0.97734375 0.53125 0.04140625 0.09296875
0 0.08046875 0.50625 0.10234375 0.13203125
0 0.13359375 0.49765625 0.2125 0.1484375
0 0.06484375 0.34375 0.12890625 0.2109375
0 0.49765625 0.4203125 0.9953125 0.365625
0 0.66796875 0.4765625 0.18125 0.06875
0 0.06328125 0.421875 0.1265625 0.05625
0 0.14765625 0.4890625 0.10859375 0.125
0 0.02109375 0.5125 0.04140625 0.16171875
0 0.94375 0.5109375 0.10859375 0.13125