0 0.225 0.42421875 0.45 0.35859375
0 0.68125 0.6765625 0.52890625 0.24609375
0 0.696875 0.46015625 0.51484375 0.28203125
0 0.83359375 0.20625 0.32890625 0.3328125
0 0.21015625 0.690625 0.4203125 0.234375
0 0.453125 0.23359375 0.43984375 0.2640625
0 0.54921875 0.1 0.30234375 0.1828125
0 0.49921875 0.41015625 0.99375 0.79921875
0 0.11875 0.20390625 0.2375 0.25234375
0 0.246875 0.10078125 0.33515625 0.16171875
0 0.96171875 0.46796875 0.07265625 0.19609375
0 0.953125 0.65546875 0.08984375 0.2171875
0 0.83984375 0.09765625 0.3 0.12265625
0 0.915625 0.09765625 0.15234375 0.10234375
0 0.49921875 0.19140625 0.99375 0.359375
0 0.040625 0.0765625 0.08125 0.134375