0 0.49921875 0.3546875 0.99375 0.70859375
0 0.32890625 0.5359375 0.44140625 0.2109375
0 0.26171875 0.3421875 0.51484375 0.24375
0 0.06640625 0.525 0.1328125 0.3125
0 0.2546875 0.11875 0.496875 0.2375
0 0.64609375 0.32578125 0.32109375 0.1859375
0 0.88515625 0.3140625 0.225 0.1640625
0 0.65546875 0.49375 0.29375 0.17578125
0 0.89609375 0.16015625 0.2 0.159375
0 0.89140625 0.45625 0.20859375 0.15078125
0 0.66015625 0.4078125 0.34609375 0.35
0 0.63359375 0.12109375 0.37109375 0.24140625
0 0.034375 0.346875 0.06875 0.2171875