0 0.84765625 0.5453125 0.23359375 0.11875
0 0.42890625 0.51875 0.20390625 0.13671875
0 0.63359375 0.52265625 0.20390625 0.14375
0 0.15 0.3234375 0.3 0.28046875
0 0.49921875 0.5328125 0.99375 0.20390625
0 0.49609375 0.41484375 0.99140625 0.4671875
0 0.1875 0.4125 0.375 0.46328125
0 0.25859375 0.3609375 0.075 0.0921875
0 0.05390625 0.54921875 0.1078125 0.1609375
0 0.14453125 0.353125 0.09375 0.09296875
0 0.13671875 0.5203125 0.14765625 0.15234375
0 0.19765625 0.52890625 0.3953125 0.2046875
0 0.05234375 0.34453125 0.10390625 0.09921875
0 0.96484375 0.5375 0.06640625 0.09765625
0 0.146875 0.42578125 0.29375 0.078125
0 0.23046875 0.5078125 0.11484375 0.13359375