0 0.49921875 0.3671875 0.99375 0.734375
0 0.684375 0.13359375 0.29765625 0.24609375
0 0.36953125 0.35078125 0.43984375 0.225
0 0.421875 0.5296875 0.38125 0.20078125
0 0.090625 0.12109375 0.18125 0.2421875
0 0.3625 0.13984375 0.39609375 0.2203125
0 0.90546875 0.13046875 0.18515625 0.25625
0 0.90234375 0.32578125 0.1875 0.15078125
0 0.696875 0.48515625 0.25234375 0.1640625
0 0.90234375 0.4546875 0.18359375 0.140625
0 0.13125 0.5703125 0.2625 0.24375
0 0.69375 0.33515625 0.25859375 0.171875
0 0.37734375 0.04609375 0.45859375 0.0921875
0 0.12578125 0.35625 0.2515625 0.253125