0 0.15546875 0.390625 0.31015625 0.2015625
0 0.15390625 0.54375 0.3078125 0.1375
0 0.45546875 0.4015625 0.30234375 0.16640625
0 0.38984375 0.1671875 0.2125 0.140625
0 0.46328125 0.5296875 0.31015625 0.1359375
0 0.17109375 0.175 0.225 0.11875
0 0.83984375 0.2796875 0.2625 0.1203125
0 0.753125 0.375 0.29765625 0.1859375
0 0.82109375 0.1640625 0.21640625 0.11796875
0 0.30625 0.27421875 0.28359375 0.1546875
0 0.74921875 0.51796875 0.28515625 0.12734375
0 0.08671875 0.28203125 0.17265625 0.13203125
0 0.9375 0.50859375 0.12109375 0.11796875
0 0.578125 0.27265625 0.27734375 0.15234375
0 0.60546875 0.16796875 0.22265625 0.1140625
0 0.946875 0.38828125 0.10234375 0.13828125
0 0.03046875 0.17421875 0.06015625 0.115625