0 0.340625 0.39765625 0.29765625 0.1859375
0 0.62421875 0.4078125 0.27734375 0.153125
0 0.315625 0.19375 0.21015625 0.11171875
0 0.52421875 0.18515625 0.20625 0.12734375
0 0.10859375 0.2015625 0.2125 0.1296875
0 0.1 0.415625 0.2 0.159375
0 0.20859375 0.29609375 0.2875 0.14609375
0 0.878125 0.38515625 0.23984375 0.17578125
0 0.625 0.52890625 0.29140625 0.1265625
0 0.334375 0.53828125 0.29375 0.13125
0 0.878125 0.51875 0.23984375 0.1203125
0 0.92734375 0.29375 0.14140625 0.096875
0 0.09609375 0.54921875 0.19140625 0.125
0 0.9125 0.18828125 0.16640625 0.11640625
0 0.73125 0.2921875 0.25859375 0.1359375
0 0.478125 0.29453125 0.26015625 0.13828125
0 0.03671875 0.30078125 0.07265625 0.0875
0 0.7328125 0.19296875 0.18515625 0.08515625