0 0.225 0.3734375 0.45 0.2390625
0 0.49921875 0.3546875 0.99375 0.70859375
0 0.22109375 0.13671875 0.44140625 0.26875
0 0.24375 0.56015625 0.46640625 0.20546875
0 0.55546875 0.3578125 0.28984375 0.1921875
0 0.559375 0.1765625 0.26015625 0.18515625
0 0.76640625 0.3453125 0.15859375 0.15078125
0 0.58046875 0.5109375 0.25625 0.16875
0 0.6984375 0.13828125 0.54375 0.2765625
0 0.825 0.1625 0.28359375 0.2296875
0 0.90234375 0.334375 0.1375 0.1265625
0 0.01875 0.63359375 0.0375 0.11171875
0 0.89296875 0.44765625 0.13125 0.12109375
0 0.98125 0.19296875 0.03359375 0.1453125
0 0.76953125 0.478125 0.13984375 0.13359375