0 0.49921875 0.39765625 0.99765625 0.4421875
0 0.84921875 0.515625 0.21875 0.1578125
0 0.67578125 0.50234375 0.17265625 0.13671875
0 0.56328125 0.4171875 0.20234375 0.11328125
0 0.52578125 0.5125 0.16015625 0.090625
0 0.17421875 0.4234375 0.21015625 0.0921875
0 0.96796875 0.5265625 0.06015625 0.17109375
0 0.91171875 0.27109375 0.16015625 0.09921875
0 0.94296875 0.35390625 0.11015625 0.10859375
0 0.734375 0.265625 0.11875 0.12109375
0 0.83671875 0.24921875 0.31875 0.1546875
0 0.815625 0.3625 0.16484375 0.08828125
0 0.18671875 0.33125 0.21484375 0.11328125
0 0.16953125 0.50390625 0.21015625 0.08515625
0 0.35390625 0.42890625 0.1625 0.08515625
0 0.16015625 0.246875 0.20859375 0.11171875
0 0.35 0.5046875 0.15390625 0.0734375