0 0.15703125 0.38984375 0.3140625 0.2015625
0 0.15625 0.54453125 0.3125 0.13828125
0 0.459375 0.40234375 0.30234375 0.16640625
0 0.39140625 0.16796875 0.2125 0.140625
0 0.75546875 0.375 0.29765625 0.1859375
0 0.17421875 0.1765625 0.22265625 0.11640625
0 0.465625 0.5296875 0.31015625 0.1359375
0 0.31171875 0.271875 0.28125 0.1640625
0 0.84140625 0.27109375 0.2625 0.1390625
0 0.82109375 0.16484375 0.21640625 0.11796875
0 0.75234375 0.51875 0.28359375 0.12734375
0 0.08828125 0.28671875 0.1765625 0.1421875
0 0.9375 0.51015625 0.12109375 0.1140625
0 0.94765625 0.38046875 0.1 0.15703125
0 0.03359375 0.17421875 0.06640625 0.115625
0 0.61015625 0.16953125 0.22890625 0.115625