0 0.521875 0.43125 0.54375 0.3515625
0 0.48359375 0.68359375 0.525 0.25859375
0 0.13828125 0.43828125 0.2765625 0.3015625
0 0.86796875 0.69609375 0.26015625 0.26171875
0 0.49921875 0.42421875 0.99375 0.8078125
0 0.88359375 0.475 0.22890625 0.28671875
0 0.11328125 0.6796875 0.2265625 0.215625
0 0.78671875 0.246875 0.42265625 0.25390625
0 0.346875 0.24140625 0.47734375 0.2515625
0 0.58125 0.11015625 0.32890625 0.15
0 0.865625 0.0921875 0.26484375 0.1578125
0 0.06328125 0.23359375 0.1265625 0.1671875
0 0.28359375 0.09609375 0.28359375 0.12890625
0 0.22109375 0.10390625 0.15859375 0.10859375
0 0.50234375 0.446875 0.81640625 0.48125