0 0.49921875 0.390625 0.99375 0.7796875
0 0.13828125 0.6390625 0.2765625 0.284375
0 0.60234375 0.35859375 0.37109375 0.1859375
0 0.25703125 0.18515625 0.27734375 0.1484375
0 0.359375 0.55390625 0.26875 0.23125
0 0.94140625 0.19375 0.1125 0.18046875
0 0.11796875 0.4 0.23515625 0.296875
0 0.14375 0.07890625 0.2875 0.1578125
0 0.59453125 0.153125 0.41015625 0.2546875
0 0.51484375 0.06484375 0.5125 0.1296875
0 0.0625 0.1671875 0.125 0.19375
0 0.86953125 0.3453125 0.18515625 0.15546875
0 0.24609375 0.4984375 0.4875 0.5609375
0 0.8875 0.46015625 0.21640625 0.16171875
0 0.696875 0.31015625 0.59765625 0.5609375
0 0.97421875 0.33359375 0.04765625 0.1015625
0 0.22578125 0.35234375 0.42265625 0.275
0 0.634375 0.49765625 0.33515625 0.17890625