0 0.4984375 0.34765625 0.99375 0.6953125
0 0.225 0.140625 0.45 0.27265625
0 0.23046875 0.3765625 0.46015625 0.23671875
0 0.25625 0.56015625 0.46640625 0.20546875
0 0.56328125 0.359375 0.27734375 0.1890625
0 0.89453125 0.165625 0.16484375 0.225
0 0.5125 0.1359375 0.3875 0.271875
0 0.56640625 0.18046875 0.25390625 0.18125
0 0.59140625 0.51171875 0.25 0.1671875
0 0.76875 0.3484375 0.15390625 0.15
0 0.77890625 0.20859375 0.15859375 0.14140625
0 0.02578125 0.6171875 0.0515625 0.159375
0 0.90234375 0.3375 0.13359375 0.12734375
0 0.77734375 0.14296875 0.16640625 0.2734375
0 0.890625 0.44921875 0.12734375 0.1203125
0 0.98203125 0.18515625 0.03125 0.1765625
0 0.77109375 0.47734375 0.13359375 0.13359375