0 0.49921875 0.36484375 0.99375 0.725
0 0.340625 0.384375 0.45234375 0.21015625
0 0.34609375 0.1546875 0.47109375 0.28046875
0 0.1125 0.6 0.225 0.26171875
0 0.37890625 0.5375 0.41640625 0.2109375
0 0.07890625 0.37734375 0.1578125 0.2578125
0 0.96796875 0.2015625 0.06015625 0.18359375
0 0.0625 0.2046875 0.125 0.178125
0 0.6625 0.15703125 0.20859375 0.27109375
0 0.64765625 0.37109375 0.19609375 0.171875
0 0.303125 0.06640625 0.60625 0.13203125
0 0.82734375 0.203125 0.20859375 0.20078125
0 0.790625 0.3640625 0.11015625 0.13203125
0 0.96796875 0.34609375 0.06015625 0.11640625
0 0.88046875 0.3546875 0.09375 0.11171875
0 0.96953125 0.45703125 0.05625 0.11171875
0 0.66875 0.50859375 0.17890625 0.153125
0 0.65390625 0.2125 0.17109375 0.16015625
0 0.87421875 0.45703125 0.08984375 0.109375