0 0.49765625 0.4015625 0.9953125 0.4625
0 0.23203125 0.44375 0.21484375 0.1140625
0 0.89140625 0.5609375 0.2125 0.11875
0 0.90078125 0.4484375 0.19375 0.13203125
0 0.0625 0.54921875 0.125 0.1203125
0 0.228125 0.54453125 0.21484375 0.10234375
0 0.0625 0.246875 0.125 0.12890625
0 0.0625 0.42890625 0.125 0.12734375
0 0.7125 0.54140625 0.17109375 0.10625
0 0.19609375 0.3296875 0.25390625 0.14765625
0 0.42109375 0.54140625 0.17109375 0.0875
0 0.42265625 0.45546875 0.17109375 0.08828125
0 0.72890625 0.34375 0.1875 0.109375
0 0.72734375 0.4484375 0.175 0.109375
0 0.89921875 0.3421875 0.19375 0.10234375
0 0.41015625 0.36875 0.18359375 0.090625