0 0.49921875 0.3359375 0.99375 0.53984375
0 0.35 0.38359375 0.32890625 0.178125
0 0.67265625 0.3546875 0.32109375 0.203125
0 0.3375 0.13671875 0.225 0.14609375
0 0.36171875 0.52265625 0.33125 0.14375
0 0.115625 0.15 0.23125 0.12265625
0 0.09921875 0.37421875 0.19765625 0.215625
0 0.7875 0.13203125 0.24140625 0.12734375
0 0.671875 0.509375 0.30625 0.134375
0 0.90546875 0.4984375 0.18515625 0.1265625
0 0.78203125 0.253125 0.28515625 0.13125
0 0.9125 0.36484375 0.17109375 0.159375
0 0.10234375 0.5359375 0.20390625 0.14296875
0 0.559375 0.14296875 0.22265625 0.13125
0 0.49609375 0.24921875 0.3 0.17109375
0 0.20546875 0.2515625 0.30625 0.16015625
0 0.95390625 0.2171875 0.0875 0.1359375
0 0.03046875 0.24375 0.06015625 0.15234375