0 0.36484375 0.39765625 0.29140625 0.18359375
0 0.12890625 0.2015625 0.2125 0.1296875
0 0.54375 0.1859375 0.20390625 0.12890625
0 0.11328125 0.41015625 0.2265625 0.1671875
0 0.3375 0.19375 0.20859375 0.109375
0 0.64609375 0.40859375 0.275 0.15234375
0 0.234375 0.29609375 0.28125 0.14609375
0 0.64609375 0.52734375 0.2875 0.1265625
0 0.35703125 0.53671875 0.28984375 0.12734375
0 0.8875 0.38984375 0.21640625 0.1640625
0 0.88828125 0.51875 0.21875 0.1203125
0 0.5 0.29453125 0.25859375 0.1390625
0 0.91953125 0.1875 0.15234375 0.115625
0 0.10703125 0.54765625 0.2140625 0.1234375
0 0.75234375 0.28984375 0.25859375 0.140625
0 0.05 0.29609375 0.1 0.0921875
0 0.93671875 0.28984375 0.12265625 0.109375
0 0.74453125 0.1859375 0.20234375 0.10234375