0 0.72578125 0.08671875 0.27734375 0.1734375
0 0.49921875 0.315625 0.99375 0.63125
0 0.30390625 0.3453125 0.4125 0.25625
0 0.70703125 0.53125 0.40234375 0.17578125
0 0.31171875 0.5375 0.39375 0.1828125
0 0.52578125 0.19453125 0.37734375 0.20546875
0 0.7125 0.3515625 0.40859375 0.22890625
0 0.16953125 0.2078125 0.3390625 0.2125
0 0.853125 0.1984375 0.28984375 0.178125
0 0.44453125 0.08515625 0.28125 0.16953125
0 0.17578125 0.07421875 0.26484375 0.1484375
0 0.934375 0.44765625 0.08515625 0.11875
0 0.05703125 0.37890625 0.1140625 0.1859375
0 0.06015625 0.54453125 0.1203125 0.1734375
0 0.93984375 0.34453125 0.1 0.12734375
0 0.84765625 0.3125 0.28359375 0.19375