0 0.49921875 0.3484375 0.99375 0.696875
0 0.23828125 0.140625 0.4765625 0.278125
0 0.24140625 0.37734375 0.4828125 0.2296875
0 0.04609375 0.59765625 0.09140625 0.2203125
0 0.28125 0.559375 0.45390625 0.2015625
0 0.57109375 0.1390625 0.275 0.278125
0 0.58359375 0.36328125 0.26640625 0.1859375
0 0.76875 0.35390625 0.14140625 0.1484375
0 0.60390625 0.51328125 0.23359375 0.16171875
0 0.87890625 0.17421875 0.16640625 0.221875
0 0.77265625 0.1515625 0.18359375 0.26796875
0 0.88359375 0.45078125 0.11640625 0.11640625
0 0.97734375 0.17421875 0.04140625 0.1984375
0 0.76953125 0.47734375 0.13125 0.13359375
0 0.89296875 0.34296875 0.12734375 0.125