0 0.49921875 0.390625 0.99375 0.778125
0 0.19453125 0.38359375 0.3890625 0.3015625
0 0.29921875 0.56171875 0.28984375 0.23671875
0 0.55234375 0.36328125 0.39609375 0.19140625
0 0.209375 0.1890625 0.27734375 0.15546875
0 0.603125 0.1546875 0.53125 0.25703125
0 0.58359375 0.51953125 0.34609375 0.1546875
0 0.10546875 0.6421875 0.21015625 0.27265625
0 0.475 0.06484375 0.52890625 0.1296875
0 0.92421875 0.196875 0.13984375 0.1859375
0 0.11796875 0.0796875 0.23515625 0.159375
0 0.221875 0.49921875 0.44375 0.55078125
0 0.80546875 0.3515625 0.13515625 0.16015625
0 0.08125 0.41484375 0.1625 0.25234375
0 0.665625 0.31328125 0.65234375 0.57421875