0 0.49765625 0.3953125 0.9953125 0.446875
0 0.53203125 0.4484375 0.21484375 0.1
0 0.296875 0.5546875 0.24765625 0.11171875
0 0.08828125 0.5625 0.1765625 0.109375
0 0.52578125 0.54609375 0.21875 0.1109375
0 0.09140625 0.4359375 0.1828125 0.146875
0 0.73828125 0.44921875 0.20234375 0.10859375
0 0.30078125 0.4515625 0.24765625 0.10625
0 0.45 0.35390625 0.19609375 0.08984375
0 0.73203125 0.54453125 0.20234375 0.0953125
0 0.915625 0.546875 0.16484375 0.0921875
0 0.91015625 0.37421875 0.175 0.08828125
0 0.24375 0.3453125 0.22109375 0.10859375
0 0.91640625 0.46015625 0.1625 0.0875