0 0.496875 0.3921875 0.99375 0.49140625
0 0.83515625 0.49765625 0.325 0.32109375
0 0.81875 0.73046875 0.35859375 0.29140625
0 0.94140625 0.27109375 0.1125 0.14609375
0 0.36640625 0.51015625 0.22890625 0.1734375
0 0.66640625 0.31875 0.18359375 0.159375
0 0.28828125 0.34375 0.18515625 0.1046875
0 0.41875 0.23359375 0.22109375 0.15546875
0 0.0375 0.49140625 0.075 0.14375
0 0.56640625 0.52265625 0.225 0.19453125
0 0.22578125 0.2390625 0.18515625 0.14296875
0 0.07578125 0.24375 0.1515625 0.134375
0 0.16015625 0.5 0.20859375 0.15546875
0 0.63125 0.22578125 0.2375 0.159375
0 0.11796875 0.35 0.16484375 0.08984375
0 0.94609375 0.23671875 0.10390625 0.078125
0 0.34140625 0.5203125 0.675 0.20390625
0 0.47734375 0.3375 0.20390625 0.12734375