0 0.75 0.48515625 0.49609375 0.31015625
0 0.72890625 0.7171875 0.525 0.27109375
0 0.20234375 0.5015625 0.24140625 0.17421875
0 0.49921875 0.46875 0.99375 0.765625
0 0.4 0.5125 0.22109375 0.18984375
0 0.93515625 0.1609375 0.125 0.16640625
0 0.24921875 0.22109375 0.22734375 0.15703125
0 0.80546875 0.28203125 0.19375 0.12265625
0 0.31015625 0.3265625 0.20859375 0.12734375
0 0.04765625 0.490625 0.0953125 0.159375
0 0.46953125 0.2140625 0.23984375 0.15234375
0 0.07265625 0.22421875 0.1453125 0.1484375
0 0.115625 0.33046875 0.19375 0.10703125
0 0.3625 0.37421875 0.725 0.475
0 0.53359375 0.30859375 0.24609375 0.159375
0 0.94140625 0.27421875 0.1125 0.20390625
0 0.31875 0.42265625 0.20859375 0.07890625