0 0.49921875 0.3828125 0.99375 0.76328125
0 0.16328125 0.36796875 0.3265625 0.2703125
0 0.49140625 0.36875 0.4125 0.19453125
0 0.21875 0.5734375 0.33359375 0.2453125
0 0.15078125 0.19296875 0.27734375 0.16640625
0 0.53125 0.5265625 0.3625 0.16171875
0 0.0625 0.63984375 0.125 0.2484375
0 0.55390625 0.15234375 0.55 0.26171875
0 0.42578125 0.06328125 0.55234375 0.1265625
0 0.76484375 0.35703125 0.15 0.16015625
0 0.90625 0.2140625 0.17109375 0.159375
0 0.08984375 0.08046875 0.17890625 0.16015625
0 0.03515625 0.42109375 0.0703125 0.2078125
0 0.76796875 0.48671875 0.13984375 0.1390625
0 0.93671875 0.3421875 0.08125 0.10859375
0 0.76796875 0.0953125 0.27265625 0.1453125
0 0.865625 0.34765625 0.08125 0.125
0 0.81484375 0.1578125 0.35390625 0.2703125
0 0.19296875 0.49765625 0.38515625 0.528125