0 0.80625 0.390625 0.37890625 0.3640625
0 0.62734375 0.5078125 0.19140625 0.1046875
0 0.265625 0.50625 0.22734375 0.15234375
0 0.3625 0.50546875 0.725 0.1546875
0 0.884375 0.4375 0.21015625 0.0921875
0 0.078125 0.52734375 0.15625 0.10859375
0 0.434375 0.496875 0.20234375 0.1265625
0 0.87578125 0.51796875 0.21875 0.08984375
0 0.88984375 0.265625 0.2125 0.11328125
0 0.25625 0.45546875 0.11640625 0.05390625
0 0.896875 0.3390625 0.20234375 0.12109375
0 0.72578125 0.42890625 0.13125 0.07890625
0 0.49921875 0.3953125 0.99375 0.3734375