0 0.14609375 0.40546875 0.29140625 0.1625
0 0.190625 0.2015625 0.20625 0.1296875
0 0.42734375 0.39296875 0.28359375 0.18046875
0 0.39296875 0.19296875 0.20625 0.109375
0 0.59609375 0.18359375 0.20859375 0.1265625
0 0.70234375 0.40390625 0.27109375 0.15
0 0.08359375 0.2875 0.16640625 0.12890625
0 0.29921875 0.29375 0.27265625 0.14375
0 0.13984375 0.534375 0.27890625 0.1296875
0 0.70078125 0.52109375 0.28515625 0.12265625
0 0.41875 0.528125 0.28359375 0.125
0 0.94609375 0.1859375 0.10390625 0.11640625
0 0.55859375 0.2921875 0.25 0.1359375
0 0.915625 0.3796875 0.16484375 0.17421875
0 0.91328125 0.51328125 0.16875 0.11875
0 0.80625 0.28984375 0.25390625 0.13203125
0 0.79765625 0.18359375 0.2 0.1015625
0 0.96171875 0.2875 0.07265625 0.10234375