0 0.49296875 0.39375 0.98125 0.49296875
0 0.85625 0.5015625 0.28359375 0.3171875
0 0.83828125 0.734375 0.31875 0.2875
0 0.60703125 0.5265625 0.23125 0.19453125
0 0.2 0.5015625 0.2125 0.15703125
0 0.40390625 0.5125 0.22890625 0.1734375
0 0.32734375 0.3453125 0.18359375 0.1046875
0 0.26484375 0.2421875 0.18359375 0.14296875
0 0.73984375 0.3203125 0.25 0.159375
0 0.05859375 0.49375 0.11640625 0.140625
0 0.67265625 0.228125 0.24140625 0.159375
0 0.45859375 0.23671875 0.22109375 0.15703125
0 0.9625 0.27265625 0.07109375 0.14765625
0 0.15859375 0.34921875 0.1625 0.09453125
0 0.1 0.246875 0.175 0.13125
0 0.36328125 0.52421875 0.72265625 0.20859375
0 0.515625 0.33984375 0.20625 0.125