0 0.415625 0.6734375 0.52265625 0.240625
0 0.49921875 0.4125 0.99375 0.81484375
0 0.42421875 0.45625 0.50625 0.2828125
0 0.82890625 0.41953125 0.3375 0.30859375
0 0.82421875 0.646875 0.34765625 0.21328125
0 0.08828125 0.421875 0.1765625 0.365625
0 0.078125 0.696875 0.15625 0.24296875
0 0.27265625 0.09296875 0.30859375 0.18359375
0 0.85078125 0.11796875 0.26875 0.13671875
0 0.2 0.23203125 0.4 0.259375
0 0.90078125 0.2515625 0.19375 0.19921875
0 0.06484375 0.0734375 0.12890625 0.1203125
0 0.565625 0.0953125 0.29375 0.1203125
0 0.60625 0.24609375 0.425 0.25