0 0.49765625 0.39609375 0.9953125 0.4859375
0 0.14609375 0.44375 0.225 0.11640625
0 0.821875 0.55859375 0.23125 0.1203125
0 0.85859375 0.44921875 0.26640625 0.13203125
0 0.95625 0.5515625 0.08359375 0.18125
0 0.140625 0.546875 0.22265625 0.1046875
0 0.92578125 0.34296875 0.13984375 0.10625
0 0.33984375 0.54375 0.175 0.08984375
0 0.13984375 0.346875 0.2 0.10625
0 0.65 0.34375 0.18359375 0.11171875
0 0.34140625 0.45625 0.175 0.08984375
0 0.63359375 0.54140625 0.17109375 0.10390625
0 0.32890625 0.36875 0.1875 0.090625
0 0.64765625 0.45078125 0.17109375 0.10625