0 0.828125 0.3921875 0.33515625 0.3640625
0 0.10234375 0.5078125 0.20390625 0.15
0 0.3125 0.52578125 0.225 0.11328125
0 0.671875 0.5078125 0.19375 0.10703125
0 0.38515625 0.50546875 0.7703125 0.1546875
0 0.48046875 0.4984375 0.18984375 0.125
0 0.91015625 0.4390625 0.175 0.0921875
0 0.90546875 0.521875 0.18515625 0.09296875
0 0.91796875 0.35 0.15625 0.09921875
0 0.746875 0.428125 0.17265625 0.0828125
0 0.784375 0.29453125 0.11484375 0.0859375
0 0.91484375 0.265625 0.16640625 0.1109375
0 0.49921875 0.396875 0.99375 0.3734375