0 0.49765625 0.4 0.9953125 0.471875
0 0.88671875 0.45078125 0.22265625 0.1265625
0 0.87265625 0.56015625 0.23359375 0.1203125
0 0.20078125 0.44375 0.21875 0.115625
0 0.19765625 0.54453125 0.21640625 0.1015625
0 0.7 0.34375 0.1875 0.109375
0 0.04609375 0.54921875 0.09140625 0.1203125
0 0.68359375 0.54140625 0.17109375 0.10625
0 0.39140625 0.5421875 0.175 0.08828125
0 0.69765625 0.45078125 0.175 0.10859375
0 0.39296875 0.45546875 0.17265625 0.08828125
0 0.88515625 0.34296875 0.22109375 0.10390625
0 0.046875 0.42890625 0.09375 0.12734375
0 0.16328125 0.35234375 0.25625 0.10234375