0 0.49765625 0.4015625 0.9953125 0.49375
0 0.93203125 0.5578125 0.13125 0.18359375
0 0.10546875 0.44375 0.21015625 0.11640625
0 0.775 0.5578125 0.22890625 0.12265625
0 0.103125 0.546875 0.20625 0.10390625
0 0.28359375 0.3421875 0.19140625 0.14296875
0 0.81015625 0.44921875 0.2625 0.1296875
0 0.29453125 0.54453125 0.17734375 0.0921875
0 0.878125 0.234375 0.23984375 0.15546875
0 0.29609375 0.45625 0.17890625 0.08984375
0 0.58828125 0.5421875 0.16875 0.1046875
0 0.60390625 0.34609375 0.19140625 0.11171875
0 0.60390625 0.45234375 0.17109375 0.1046875
0 0.09609375 0.3484375 0.19140625 0.1046875