0 0.19453125 0.53984375 0.28515625 0.1828125
0 0.26484375 0.3765625 0.52890625 0.50234375
0 0.653125 0.52265625 0.21875 0.14296875
0 0.85703125 0.53203125 0.21484375 0.15078125
0 0.48359375 0.36875 0.07109375 0.08828125
0 0.18125 0.33515625 0.15390625 0.12890625
0 0.07578125 0.20703125 0.1515625 0.1703125
0 0.05859375 0.43828125 0.11640625 0.13125
0 0.05546875 0.32578125 0.11015625 0.11875
0 0.97890625 0.56171875 0.0375 0.10234375
0 0.03359375 0.5578125 0.06640625 0.115625
0 0.37578125 0.3625 0.08515625 0.090625
0 0.29375 0.353125 0.0875 0.09296875
0 0.76953125 0.5296875 0.45234375 0.16015625
0 0.39765625 0.28125 0.125 0.10703125
0 0.4625 0.5125 0.07890625 0.12890625
0 0.51484375 0.5390625 0.9625 0.20078125
0 0.37421875 0.5328125 0.11484375 0.1296875