0 0.49765625 0.34375 0.9953125 0.534375
0 0.12109375 0.37890625 0.24140625 0.21328125
0 0.39375 0.38984375 0.32109375 0.17578125
0 0.35703125 0.1453125 0.21875 0.1453125
0 0.403125 0.525 0.32734375 0.14296875
0 0.12265625 0.540625 0.2453125 0.140625
0 0.128125 0.15703125 0.24375 0.1203125
0 0.70859375 0.3640625 0.31640625 0.1921875
0 0.24453125 0.25859375 0.29765625 0.159375
0 0.70625 0.51328125 0.3 0.13203125
0 0.80859375 0.2578125 0.27890625 0.13359375
0 0.91953125 0.5015625 0.15625 0.12265625
0 0.578125 0.15 0.22734375 0.125
0 0.803125 0.14140625 0.23125 0.12265625
0 0.92890625 0.36484375 0.1375 0.16640625
0 0.52890625 0.2578125 0.29140625 0.16171875
0 0.95859375 0.22265625 0.07890625 0.1296875
0 0.05 0.2390625 0.1 0.178125