0 0.4984375 0.3234375 0.99375 0.646875
0 0.534375 0.540625 0.42734375 0.18984375
0 0.52578125 0.33984375 0.42734375 0.265625
0 0.15859375 0.35 0.31640625 0.265625
0 0.165625 0.546875 0.33125 0.203125
0 0.6109375 0.08046875 0.315625 0.1609375
0 0.74453125 0.1828125 0.31484375 0.18359375
0 0.35390625 0.1796875 0.4125 0.2203125
0 0.07734375 0.1890625 0.15390625 0.1875
0 0.940625 0.2234375 0.11484375 0.11875
0 0.32421875 0.05078125 0.31015625 0.1015625
0 0.809375 0.446875 0.14765625 0.12734375
0 0.80546875 0.33984375 0.17265625 0.14140625
0 0.08828125 0.075 0.1765625 0.15
0 0.93515625 0.4015625 0.125 0.08359375
0 0.940625 0.3203125 0.11484375 0.08359375
0 0.98046875 0.13984375 0.03515625 0.07421875
0 0.73984375 0.3078125 0.30390625 0.2078125