0 0.49921875 0.34453125 0.99375 0.6890625
0 0.22734375 0.14609375 0.45390625 0.26171875
0 0.23125 0.37734375 0.4625 0.2359375
0 0.26171875 0.56171875 0.46484375 0.20390625
0 0.565625 0.3609375 0.27734375 0.19140625
0 0.56484375 0.18359375 0.24140625 0.17890625
0 0.02890625 0.6140625 0.0578125 0.16875
0 0.88984375 0.16796875 0.1625 0.225
0 0.76953125 0.34765625 0.14765625 0.14609375
0 0.59296875 0.5125 0.24375 0.16640625
0 0.76875 0.21015625 0.17890625 0.14140625
0 0.90078125 0.33828125 0.13515625 0.12734375
0 0.88828125 0.45078125 0.12734375 0.1203125
0 0.56875 0.13828125 0.49375 0.2765625
0 0.98046875 0.17890625 0.03515625 0.196875
0 0.77109375 0.47734375 0.12890625 0.13203125
0 0.57109375 0.06171875 0.5 0.1234375