0 0.240625 0.51328125 0.21875 0.14296875
0 0.44140625 0.51640625 0.2 0.14140625
0 0.65 0.51875 0.22109375 0.15078125
0 0.82421875 0.51171875 0.20234375 0.1296875
0 0.046875 0.3546875 0.09375 0.0953125
0 0.04765625 0.51015625 0.0953125 0.1265625
0 0.959375 0.5296875 0.07734375 0.096875
0 0.103125 0.496875 0.20625 0.15
0 0.11328125 0.4890625 0.11015625 0.1265625
0 0.49765625 0.41796875 0.9953125 0.3546875
0 0.04609375 0.42109375 0.09140625 0.05625
0 0.5 0.5125 0.99140625 0.1640625
0 0.04765625 0.34375 0.0953125 0.20625