0 0.53671875 0.41328125 0.42265625 0.30078125
0 0.16875 0.45390625 0.3375 0.2921875
0 0.17421875 0.68203125 0.34765625 0.24375
0 0.51953125 0.6390625 0.40234375 0.203125
0 0.84609375 0.61328125 0.3 0.1625
0 0.62734375 0.26015625 0.34140625 0.2109375
0 0.49921875 0.41171875 0.99375 0.7875
0 0.25 0.19609375 0.4375 0.33828125
0 0.50234375 0.12109375 0.25859375 0.14375
0 0.86171875 0.2625 0.13125 0.090625
0 0.02265625 0.25234375 0.0453125 0.1859375
0 0.03359375 0.0890625 0.06640625 0.178125
0 0.86875 0.41953125 0.25859375 0.24296875
0 0.96015625 0.26640625 0.075 0.08515625
0 0.93203125 0.33046875 0.12734375 0.0609375
0 0.21171875 0.0890625 0.31015625 0.13359375
0 0.515625 0.4078125 0.70234375 0.3953125