0 0.19765625 0.3984375 0.29609375 0.153125
0 0.47734375 0.38984375 0.275 0.16875
0 0.24140625 0.2 0.2 0.1265625
0 0.74453125 0.39765625 0.26484375 0.14609375
0 0.134375 0.28515625 0.18125 0.12109375
0 0.63671875 0.18125 0.20234375 0.12265625
0 0.18984375 0.5203125 0.2875 0.12890625
0 0.46875 0.51796875 0.27109375 0.11875
0 0.74296875 0.51171875 0.27734375 0.1203125
0 0.353125 0.28671875 0.26484375 0.1484375
0 0.43984375 0.19140625 0.2 0.10859375
0 0.60390625 0.28125 0.24140625 0.1453125
0 0.934375 0.375 0.12734375 0.16953125
0 0.846875 0.28828125 0.24765625 0.1265625
0 0.93359375 0.50390625 0.12890625 0.11640625
0 0.83203125 0.1828125 0.19375 0.1015625
0 0.95390625 0.1828125 0.0875 0.11328125