0 0.5 0.40546875 0.99609375 0.4765625
0 0.87109375 0.24453125 0.24609375 0.159375
0 0.94140625 0.5609375 0.1125 0.15546875
0 0.796875 0.54140625 0.23984375 0.15078125
0 0.42734375 0.50546875 0.17109375 0.13125
0 0.90078125 0.34921875 0.18984375 0.1296875
0 0.71015625 0.24765625 0.57109375 0.1625
0 0.66796875 0.25625 0.18984375 0.14375
0 0.72265625 0.359375 0.19140625 0.10234375
0 0.31171875 0.41640625 0.20625 0.11796875
0 0.27734375 0.51484375 0.1625 0.090625
0 0.55859375 0.36640625 0.15390625 0.08984375
0 0.51328125 0.265625 0.17734375 0.12890625
0 0.59296875 0.5140625 0.20625 0.153125
0 0.08984375 0.50625 0.17109375 0.07890625
0 0.09296875 0.4296875 0.17265625 0.0859375