0 0.50234375 0.41328125 0.42109375 0.30078125
0 0.15703125 0.68125 0.3140625 0.246875
0 0.15078125 0.453125 0.3015625 0.29375
0 0.21796875 0.19453125 0.43515625 0.33984375
0 0.59296875 0.2609375 0.33984375 0.20546875
0 0.80703125 0.6109375 0.28984375 0.16484375
0 0.48671875 0.63828125 0.40234375 0.20390625
0 0.49921875 0.41484375 0.99375 0.784375
0 0.46640625 0.12109375 0.25859375 0.1453125
0 0.84296875 0.41875 0.28125 0.24296875
0 0.82734375 0.26171875 0.13359375 0.08984375
0 0.17578125 0.08515625 0.32265625 0.13203125
0 0.915625 0.39453125 0.16484375 0.1875
0 0.48671875 0.421875 0.74765625 0.4078125