0 0.659375 0.4390625 0.55625 0.35625
0 0.61328125 0.69375 0.53515625 0.26640625
0 0.203125 0.43828125 0.40625 0.30546875
0 0.178125 0.68203125 0.35625 0.21328125
0 0.853125 0.20234375 0.28984375 0.35703125
0 0.934375 0.70234375 0.12734375 0.25625
0 0.72578125 0.11484375 0.35234375 0.15234375
0 0.49921875 0.428125 0.99375 0.80390625
0 0.953125 0.48671875 0.08984375 0.24765625
0 0.47890625 0.2484375 0.49140625 0.24765625
0 0.41875 0.10390625 0.2875 0.13203125
0 0.196875 0.24296875 0.18515625 0.1671875
0 0.06328125 0.203125 0.1265625 0.140625
0 0.91875 0.096875 0.15859375 0.1484375
0 0.18359375 0.19609375 0.12890625 0.07421875