0 0.5 0.4046875 0.99609375 0.4765625
0 0.80546875 0.54453125 0.23515625 0.14765625
0 0.94765625 0.5625 0.1 0.153125
0 0.73359375 0.3578125 0.19140625 0.1046875
0 0.60390625 0.515625 0.20859375 0.153125
0 0.90703125 0.34921875 0.17734375 0.1296875
0 0.87578125 0.24453125 0.23515625 0.159375
0 0.56875 0.36484375 0.15390625 0.09296875
0 0.321875 0.421875 0.20625 0.1046875
0 0.2875 0.5140625 0.1625 0.0921875
0 0.4375 0.503125 0.17109375 0.1359375
0 0.103125 0.4296875 0.17265625 0.0859375
0 0.10234375 0.50625 0.16640625 0.07890625