0 0.30625 0.5140625 0.21640625 0.14140625
0 0.88515625 0.51328125 0.22109375 0.13359375
0 0.12734375 0.35703125 0.075 0.09296875
0 0.50703125 0.51796875 0.20234375 0.14375
0 0.71640625 0.52109375 0.225 0.15078125
0 0.08203125 0.3109375 0.1640625 0.18125
0 0.49921875 0.4140625 0.99375 0.39375
0 0.13515625 0.41015625 0.2703125 0.3859375
0 0.13671875 0.5109375 0.27265625 0.171875
0 0.11328125 0.50390625 0.08984375 0.1390625
0 0.04921875 0.35 0.09765625 0.0953125
0 0.03828125 0.5265625 0.0765625 0.1375
0 0.08125 0.42890625 0.1625 0.06953125
0 0.49921875 0.5125 0.99375 0.17109375
0 0.20703125 0.48828125 0.13515625 0.1296875