0 0.4984375 0.31875 0.99375 0.6375
0 0.52578125 0.103125 0.43515625 0.20625
0 0.221875 0.521875 0.44375 0.21796875
0 0.54609375 0.2921875 0.3875 0.19921875
0 0.84296875 0.1 0.2546875 0.2
0 0.57578125 0.459375 0.35234375 0.20390625
0 0.19609375 0.31640625 0.39140625 0.2609375
0 0.840625 0.27734375 0.25625 0.178125
0 0.85546875 0.43125 0.24765625 0.1578125
0 0.5625 0.378125 0.41640625 0.36875
0 0.18125 0.1078125 0.3625 0.215625
0 0.97109375 0.2703125 0.05390625 0.18359375
0 0.22109375 0.31640625 0.44140625 0.6296875
0 0.97109375 0.0890625 0.05390625 0.178125
0 0.97734375 0.44609375 0.04140625 0.1765625