0 0.51875 0.41328125 0.42109375 0.30078125
0 0.165625 0.68203125 0.33125 0.24375
0 0.16015625 0.45234375 0.3203125 0.2921875
0 0.50234375 0.63828125 0.4 0.20390625
0 0.61015625 0.25859375 0.34140625 0.21328125
0 0.49921875 0.4109375 0.99375 0.7890625
0 0.23046875 0.20078125 0.43984375 0.33046875
0 0.82421875 0.61171875 0.28984375 0.1640625
0 0.48203125 0.12109375 0.26015625 0.14296875
0 0.859375 0.44140625 0.27734375 0.196875
0 0.84296875 0.2609375 0.13515625 0.0921875
0 0.02421875 0.08828125 0.04765625 0.1765625
0 0.28046875 0.09375 0.14765625 0.1046875
0 0.95234375 0.26640625 0.09140625 0.08515625
0 0.19453125 0.08515625 0.31484375 0.12734375
0 0.921875 0.33125 0.14765625 0.0640625
0 0.503125 0.41171875 0.70234375 0.39375