0 0.49921875 0.39140625 0.99375 0.78046875
0 0.31328125 0.56015625 0.28984375 0.2359375
0 0.20234375 0.35546875 0.40390625 0.2796875
0 0.115625 0.64453125 0.23125 0.275
0 0.56328125 0.36171875 0.39375 0.1890625
0 0.225 0.18828125 0.275 0.15234375
0 0.6 0.5140625 0.34140625 0.16015625
0 0.48828125 0.065625 0.52265625 0.13125
0 0.93046875 0.19375 0.13125 0.18984375
0 0.07109375 0.0796875 0.14140625 0.159375
0 0.09296875 0.41875 0.18515625 0.2546875
0 0.615625 0.18125 0.52265625 0.203125
0 0.228125 0.49609375 0.45625 0.5640625
0 0.846875 0.35078125 0.19375 0.159375
0 0.87109375 0.46484375 0.2375 0.1625