0 0.49765625 0.3984375 0.9953125 0.446875
0 0.11328125 0.54921875 0.2265625 0.1203125
0 0.11484375 0.4296875 0.22890625 0.1359375
0 0.33125 0.44453125 0.20859375 0.11328125
0 0.328125 0.5421875 0.20625 0.09921875
0 0.50625 0.37109375 0.17890625 0.08828125
0 0.51484375 0.54140625 0.17109375 0.0875
0 0.12265625 0.26796875 0.20859375 0.096875
0 0.51640625 0.45546875 0.17109375 0.08828125
0 0.66328125 0.35546875 0.14375 0.0953125
0 0.82734375 0.3421875 0.19140625 0.109375
0 0.06328125 0.33671875 0.1265625 0.0890625
0 0.6 0.2671875 0.13359375 0.10234375
0 0.80703125 0.540625 0.17265625 0.1046875
0 0.825 0.4484375 0.18359375 0.1109375
0 0.940625 0.5578125 0.11484375 0.11328125
0 0.296875 0.33984375 0.24765625 0.12734375