0 0.49921875 0.36328125 0.99375 0.721875
0 0.146875 0.59765625 0.29375 0.2609375
0 0.403125 0.38125 0.43984375 0.203125
0 0.11796875 0.38203125 0.23515625 0.27578125
0 0.41015625 0.15703125 0.45390625 0.2734375
0 0.09921875 0.20234375 0.19765625 0.1734375
0 0.27265625 0.0671875 0.425 0.134375
0 0.97578125 0.20390625 0.04375 0.171875
0 0.44375 0.54140625 0.39140625 0.17890625
0 0.7 0.36796875 0.17109375 0.1671875
0 0.771875 0.16328125 0.37265625 0.27734375
0 0.703125 0.21171875 0.15234375 0.15703125
0 0.709375 0.50546875 0.15625 0.14296875
0 0.821875 0.36015625 0.09375 0.12890625
0 0.56484375 0.04609375 0.17109375 0.0921875
0 0.865625 0.221875 0.18984375 0.1625
0 0.90234375 0.3515625 0.09140625 0.11328125