0 0.49921875 0.390625 0.99375 0.44921875
0 0.13203125 0.55546875 0.2640625 0.1171875
0 0.584375 0.44609375 0.20234375 0.10859375
0 0.36953125 0.5453125 0.22734375 0.11171875
0 0.553125 0.33984375 0.23515625 0.13671875
0 0.37421875 0.44609375 0.22734375 0.1
0 0.58046875 0.540625 0.19765625 0.0953125
0 0.75859375 0.37265625 0.17890625 0.0875
0 0.76328125 0.54140625 0.17265625 0.0875
0 0.29375 0.34921875 0.2 0.0921875
0 0.76796875 0.45703125 0.17265625 0.08828125
0 0.134375 0.4484375 0.26484375 0.11328125
0 0.92421875 0.44609375 0.14765625 0.0953125
0 0.92109375 0.53203125 0.14609375 0.09453125