0 0.49921875 0.37109375 0.99375 0.74140625
0 0.140625 0.121875 0.28125 0.24375
0 0.78984375 0.1296875 0.40859375 0.2546875
0 0.43828125 0.34765625 0.38515625 0.21484375
0 0.43984375 0.1453125 0.35859375 0.2125
0 0.48203125 0.51796875 0.33984375 0.19140625
0 0.15078125 0.365625 0.3015625 0.2625
0 0.725 0.33359375 0.22109375 0.16484375
0 0.17421875 0.56875 0.34765625 0.24140625
0 0.90625 0.14296875 0.17890625 0.225
0 0.909375 0.3234375 0.17265625 0.1453125
0 0.72578125 0.4796875 0.21015625 0.14765625
0 0.90546875 0.44609375 0.16484375 0.1359375
0 0.71875 0.17421875 0.2625 0.16484375
0 0.7875 0.05390625 0.40390625 0.10703125