0 0.49765625 0.346875 0.9953125 0.53125
0 0.13125 0.38359375 0.2625 0.2109375
0 0.41171875 0.3953125 0.31875 0.17421875
0 0.721875 0.365625 0.31015625 0.19609375
0 0.365625 0.15234375 0.21875 0.14375
0 0.13125 0.54375 0.2625 0.1390625
0 0.41953125 0.52890625 0.32265625 0.140625
0 0.134375 0.16171875 0.24375 0.1203125
0 0.80625 0.1484375 0.23359375 0.12265625
0 0.81875 0.25859375 0.275 0.14296875
0 0.72109375 0.515625 0.29609375 0.13125
0 0.2625 0.2640625 0.29609375 0.1578125
0 0.92578125 0.50390625 0.14375 0.12109375
0 0.934375 0.371875 0.12734375 0.159375
0 0.06171875 0.25390625 0.12265625 0.15703125
0 0.54453125 0.26171875 0.28984375 0.1625
0 0.959375 0.23046875 0.07734375 0.13125
0 0.58359375 0.1578125 0.22109375 0.12734375