0 0.415625 0.41015625 0.42265625 0.3015625
0 0.10859375 0.45078125 0.21640625 0.29453125
0 0.11484375 0.6796875 0.22890625 0.24375
0 0.49765625 0.409375 0.99140625 0.7875
0 0.403125 0.63671875 0.40625 0.20546875
0 0.50546875 0.25859375 0.33984375 0.2109375
0 0.72421875 0.6078125 0.28515625 0.16171875
0 0.37734375 0.1171875 0.27109375 0.1453125
0 0.76328125 0.4390625 0.28984375 0.19609375
0 0.17421875 0.20078125 0.34765625 0.32421875
0 0.83671875 0.35078125 0.31875 0.27265625
0 0.74609375 0.26328125 0.13359375 0.0921875
0 0.12421875 0.0828125 0.24765625 0.1390625
0 0.17421875 0.0875 0.14765625 0.10703125
0 0.43671875 0.4390625 0.66875 0.48359375