0 0.49921875 0.321875 0.99375 0.59453125
0 0.10625 0.18046875 0.2125 0.25
0 0.83515625 0.1109375 0.275 0.171875
0 0.84765625 0.5296875 0.3 0.16171875
0 0.17265625 0.5375 0.3453125 0.159375
0 0.56796875 0.11796875 0.24765625 0.16015625
0 0.53203125 0.35703125 0.37734375 0.23203125
0 0.325 0.10234375 0.25 0.1578125
0 0.85234375 0.3671875 0.29140625 0.20390625
0 0.52421875 0.5328125 0.36015625 0.16640625
0 0.71328125 0.23671875 0.34375 0.15703125
0 0.17109375 0.3765625 0.34140625 0.19921875
0 0.9375 0.225 0.12109375 0.13671875
0 0.36796875 0.23203125 0.35234375 0.18984375
0 0.10703125 0.1125 0.2140625 0.115625