0 0.434375 0.35 0.46015625 0.2796875
0 0.109375 0.359375 0.21875 0.26875
0 0.721875 0.1875 0.33515625 0.19375
0 0.59609375 0.08125 0.3375 0.1625
0 0.11953125 0.56796875 0.2390625 0.2015625
0 0.45625 0.334375 0.9125 0.66640625
0 0.446875 0.5609375 0.45625 0.19921875
0 0.93828125 0.2203125 0.11875 0.134375
0 0.76015625 0.34609375 0.25 0.1453125
0 0.78203125 0.4578125 0.19375 0.1390625
0 0.93828125 0.30390625 0.11875 0.30078125
0 0.94140625 0.32578125 0.1125 0.08828125
0 0.28359375 0.0609375 0.29609375 0.11875
0 0.30703125 0.1859375 0.49765625 0.22265625
0 0.93828125 0.40625 0.11875 0.0953125
0 0.071875 0.075 0.14375 0.15
0 0.67109375 0.49140625 0.06640625 0.159375
0 0.034375 0.18359375 0.06875 0.1390625