0 0.21796875 0.50390625 0.20234375 0.1
0 0.059375 0.5109375 0.11875 0.09296875
0 0.940625 0.515625 0.11484375 0.13203125
0 0.6 0.390625 0.79609375 0.375
0 0.815625 0.5203125 0.16875 0.09296875
0 0.159375 0.49140625 0.31875 0.13359375
0 0.85859375 0.42109375 0.21640625 0.1203125
0 0.46484375 0.2578125 0.2 0.109375
0 0.4625 0.50859375 0.2 0.0828125
0 0.46875 0.42890625 0.19609375 0.08984375
0 0.484375 0.3484375 0.20234375 0.08828125
0 0.64453125 0.43359375 0.16015625 0.0859375
0 0.6375 0.5109375 0.15390625 0.0734375