0 0.49765625 0.31796875 0.9953125 0.5484375
0 0.27890625 0.37265625 0.35 0.18359375
0 0.14921875 0.22421875 0.29765625 0.18359375
0 0.784375 0.11875 0.25234375 0.14140625
0 0.621875 0.3453125 0.33515625 0.21328125
0 0.32109375 0.11640625 0.225 0.15078125
0 0.28984375 0.515625 0.34609375 0.1484375
0 0.88125 0.496875 0.23359375 0.1359375
0 0.61640625 0.50625 0.31640625 0.14375
0 0.75 0.22734375 0.3 0.1640625
0 0.8875 0.35390625 0.22109375 0.17890625
0 0.10625 0.12578125 0.2125 0.12109375
0 0.54453125 0.128125 0.22734375 0.14296875
0 0.446875 0.23203125 0.31484375 0.18359375
0 0.059375 0.36328125 0.11875 0.20546875
0 0.94609375 0.2125 0.10390625 0.14296875
0 0.0625 0.52421875 0.125 0.14296875