0 0.49921875 0.35390625 0.99375 0.7078125
0 0.2875 0.540625 0.4625 0.215625
0 0.24140625 0.34140625 0.4828125 0.2484375
0 0.62109375 0.32421875 0.34140625 0.1890625
0 0.23203125 0.1203125 0.4640625 0.240625
0 0.62734375 0.4921875 0.3125 0.17578125
0 0.88359375 0.4578125 0.225 0.153125
0 0.60625 0.140625 0.37890625 0.1984375
0 0.88203125 0.12109375 0.23125 0.23359375
0 0.88203125 0.3140625 0.22734375 0.16640625
0 0.03984375 0.5234375 0.07890625 0.30859375
0 0.5 0.1203125 0.99140625 0.240625
0 0.25390625 0.32734375 0.50390625 0.65234375