0 0.49921875 0.31484375 0.99375 0.62734375
0 0.39296875 0.35078125 0.39765625 0.24375
0 0.78203125 0.35703125 0.38984375 0.21953125
0 0.39375 0.53671875 0.37890625 0.17421875
0 0.77890625 0.53125 0.39140625 0.17109375
0 0.1 0.37265625 0.2 0.21015625
0 0.88671875 0.20625 0.22265625 0.1671875
0 0.77578125 0.08828125 0.27265625 0.1765625
0 0.60078125 0.21796875 0.36484375 0.171875
0 0.10390625 0.5421875 0.2078125 0.16875
0 0.22890625 0.21484375 0.38359375 0.20859375
0 0.2375 0.071875 0.25390625 0.14140625
0 0.49453125 0.0953125 0.27265625 0.16640625
0 0.98203125 0.35390625 0.03125 0.134375
0 0.04921875 0.1609375 0.09765625 0.24375
0 0.06015625 0.09921875 0.1203125 0.1234375