0 0.390625 0.38828125 0.77734375 0.49296875
0 0.40859375 0.54453125 0.275 0.17890625
0 0.87421875 0.534375 0.24375 0.15078125
0 0.69609375 0.3765625 0.075 0.090625
0 0.20546875 0.44140625 0.26484375 0.13203125
0 0.171875 0.54453125 0.23515625 0.14296875
0 0.54453125 0.540625 0.55234375 0.196875
0 0.5875 0.5421875 0.1 0.1265625
0 0.27109375 0.334375 0.125 0.1140625
0 0.26015625 0.221875 0.24609375 0.1625
0 0.13125 0.31953125 0.14140625 0.134375
0 0.60703125 0.3703125 0.11015625 0.08984375
0 0.98359375 0.5609375 0.02890625 0.10234375
0 0.66953125 0.52265625 0.08515625 0.1203125
0 0.753125 0.5046875 0.13515625 0.125
0 0.403125 0.34140625 0.14765625 0.13359375
0 0.07109375 0.22734375 0.14140625 0.11875