0 0.49765625 0.40078125 0.9953125 0.4953125
0 0.91875 0.53671875 0.15859375 0.25703125
0 0.89765625 0.740625 0.2 0.2828125
0 0.31796875 0.50703125 0.20625 0.153125
0 0.72421875 0.53359375 0.23984375 0.196875
0 0.44375 0.3546875 0.18359375 0.09921875
0 0.52265625 0.51796875 0.2375 0.1734375
0 0.83515625 0.23203125 0.32109375 0.159375
0 0.86328125 0.3484375 0.26484375 0.1140625
0 0.14453125 0.5015625 0.17265625 0.134375
0 0.06640625 0.4109375 0.1328125 0.11875
0 0.57578125 0.24296875 0.22265625 0.15546875
0 0.27890625 0.359375 0.15859375 0.090625
0 0.22734375 0.25625 0.17890625 0.12890625
0 0.63203125 0.33984375 0.21015625 0.13671875
0 0.43203125 0.5296875 0.84375 0.2125
0 0.13203125 0.3453125 0.14375 0.12109375
0 0.03671875 0.5125 0.07265625 0.090625