0 0.690625 0.415625 0.42734375 0.303125
0 0.24453125 0.45546875 0.4890625 0.2890625
0 0.24921875 0.68046875 0.49765625 0.240625
0 0.671875 0.64140625 0.40625 0.2078125
0 0.78359375 0.2625 0.34609375 0.2109375
0 0.65390625 0.12109375 0.2625 0.1390625
0 0.92265625 0.62109375 0.15 0.16640625
0 0.496875 0.4046875 0.98984375 0.79921875
0 0.115625 0.09453125 0.23125 0.1890625
0 0.94765625 0.45078125 0.1 0.19921875
0 0.10390625 0.2265625 0.2078125 0.24375
0 0.37421875 0.0921875 0.30234375 0.1265625
0 0.44609375 0.0984375 0.1625 0.10234375
0 0.1078125 0.03984375 0.215625 0.0796875
0 0.41171875 0.24609375 0.42265625 0.2484375