0 0.49921875 0.3203125 0.99375 0.640625
0 0.21953125 0.5015625 0.4390625 0.225
0 0.51484375 0.090625 0.45 0.18125
0 0.5375 0.26953125 0.40390625 0.20625
0 0.83984375 0.0875 0.2640625 0.175
0 0.553125 0.35703125 0.43984375 0.38203125
0 0.18984375 0.29453125 0.37890625 0.2703125
0 0.84453125 0.246875 0.27265625 0.49375
0 0.56640625 0.43828125 0.36640625 0.21328125
0 0.840625 0.25390625 0.25625 0.1890625
0 0.96953125 0.24375 0.05625 0.19140625
0 0.2265625 0.30859375 0.453125 0.6171875
0 0.171875 0.08984375 0.34375 0.1796875
0 0.853125 0.4109375 0.25234375 0.16171875
0 0.96953125 0.07578125 0.05625 0.15078125
0 0.96875 0.25859375 0.05859375 0.51640625