0 0.42265625 0.3484375 0.4875 0.28671875
0 0.46328125 0.3359375 0.9265625 0.671875
0 0.42890625 0.5625 0.4625 0.2078125
0 0.1 0.36015625 0.2 0.265625
0 0.7375 0.18515625 0.35 0.19609375
0 0.61171875 0.07890625 0.34765625 0.1578125
0 0.95546875 0.2171875 0.08515625 0.13828125
0 0.11171875 0.57109375 0.22265625 0.203125
0 0.771875 0.34609375 0.26875 0.14765625
0 0.953125 0.3015625 0.08984375 0.30546875
0 0.29296875 0.0609375 0.29765625 0.12109375
0 0.075 0.12578125 0.15 0.2515625
0 0.95546875 0.325 0.08515625 0.090625
0 0.95546875 0.4078125 0.08515625 0.090625
0 0.665625 0.4953125 0.07734375 0.1671875
0 0.30234375 0.17734375 0.52109375 0.22734375
0 0.79375 0.459375 0.2125 0.14296875
0 0.434375 0.36171875 0.71015625 0.3984375