0 0.49921875 0.35859375 0.99375 0.7171875
0 0.18515625 0.128125 0.3703125 0.25625
0 0.19375 0.36953125 0.3875 0.2484375
0 0.50546875 0.35078125 0.33515625 0.2015625
0 0.21171875 0.5640625 0.42265625 0.2171875
0 0.50234375 0.1296875 0.30859375 0.259375
0 0.81171875 0.134375 0.34375 0.2640625
0 0.90546875 0.14375 0.16484375 0.240625
0 0.54375 0.5109375 0.29140625 0.17421875
0 0.75234375 0.3375 0.19140625 0.15546875
0 0.909375 0.3265625 0.15625 0.134375
0 0.759375 0.47578125 0.16015625 0.13828125
0 0.903125 0.44375 0.14765625 0.12890625
0 0.49609375 0.13359375 0.9875 0.265625