0 0.49921875 0.38046875 0.99375 0.75859375
0 0.18046875 0.6234375 0.36015625 0.275
0 0.66015625 0.34765625 0.36640625 0.18359375
0 0.43359375 0.53984375 0.24140625 0.2265625
0 0.321875 0.17578125 0.27265625 0.14375
0 0.65859375 0.146875 0.40859375 0.2515625
0 0.09765625 0.14140625 0.1953125 0.1921875
0 0.16171875 0.39375 0.32265625 0.2921875
0 0.56875 0.06171875 0.5 0.1234375
0 0.95390625 0.18359375 0.0875 0.18515625
0 0.69296875 0.49609375 0.31875 0.15546875
0 0.175 0.0671875 0.3375 0.134375
0 0.91484375 0.3390625 0.15859375 0.1546875
0 0.275 0.4703125 0.55 0.5734375
0 0.37734375 0.35 0.25390625 0.25
0 0.89140625 0.1859375 0.1 0.16171875
0 0.90703125 0.4546875 0.15234375 0.15
0 0.86796875 0.1484375 0.15234375 0.2359375
0 0.72578125 0.3015625 0.53984375 0.5484375
0 0.25390625 0.3359375 0.5 0.2828125