0 0.49765625 0.39296875 0.9953125 0.4515625
0 0.571875 0.3453125 0.17734375 0.1390625
0 0.17734375 0.44375 0.24609375 0.10859375
0 0.89609375 0.3421875 0.19609375 0.11171875
0 0.4 0.4453125 0.20390625 0.11171875
0 0.17734375 0.54765625 0.24140625 0.11640625
0 0.58125 0.540625 0.17109375 0.0859375
0 0.10078125 0.340625 0.2015625 0.096875
0 0.39609375 0.54296875 0.20390625 0.09765625
0 0.89375 0.44921875 0.18359375 0.10859375
0 0.584375 0.45625 0.16875 0.0875
0 0.87890625 0.5421875 0.17890625 0.109375
0 0.19609375 0.2703125 0.20390625 0.0953125
0 0.03125 0.55859375 0.0625 0.115625