0 0.49765625 0.39375 0.9953125 0.45
0 0.36953125 0.4453125 0.20625 0.11171875
0 0.86640625 0.3421875 0.19609375 0.11171875
0 0.14296875 0.5484375 0.24375 0.11796875
0 0.54140625 0.346875 0.17890625 0.13671875
0 0.14375 0.4234375 0.25 0.1484375
0 0.365625 0.5421875 0.20625 0.09921875
0 0.55078125 0.540625 0.16875 0.0859375
0 0.8625 0.4484375 0.18359375 0.109375
0 0.553125 0.45546875 0.16875 0.08828125
0 0.08359375 0.3421875 0.16640625 0.1015625
0 0.16328125 0.26796875 0.20625 0.09765625
0 0.84453125 0.54140625 0.17734375 0.10625