0 0.49921875 0.38984375 0.99375 0.77734375
0 0.14375 0.63828125 0.2875 0.28203125
0 0.60390625 0.3578125 0.37890625 0.18515625
0 0.26640625 0.184375 0.275 0.14765625
0 0.94375 0.19453125 0.10859375 0.17890625
0 0.36953125 0.55234375 0.26015625 0.2296875
0 0.12421875 0.396875 0.24765625 0.303125
0 0.06640625 0.1484375 0.1328125 0.228125
0 0.51875 0.0640625 0.50625 0.128125
0 0.65390625 0.15390625 0.5125 0.2515625
0 0.63828125 0.51171875 0.32734375 0.1484375
0 0.14609375 0.07890625 0.29140625 0.1578125
0 0.309375 0.3625 0.27734375 0.2484375
0 0.81484375 0.1546875 0.2 0.2390625
0 0.87421875 0.34609375 0.17734375 0.1546875
0 0.84375 0.1953125 0.12109375 0.15703125
0 0.890625 0.459375 0.21015625 0.16171875
0 0.24921875 0.49609375 0.49765625 0.56015625
0 0.97421875 0.3328125 0.04765625 0.10234375
0 0.54453125 0.17734375 0.29375 0.20390625