0 0.49921875 0.39765625 0.99375 0.44921875
0 0.165625 0.5609375 0.26875 0.11875
0 0.42109375 0.43515625 0.24140625 0.15078125
0 0.41640625 0.55859375 0.24140625 0.109375
0 0.85859375 0.45390625 0.20859375 0.10859375
0 0.646875 0.45546875 0.21875 0.09921875
0 0.640625 0.5515625 0.21875 0.10859375
0 0.16796875 0.4390625 0.27734375 0.153125
0 0.85078125 0.55078125 0.20625 0.096875
0 0.48828125 0.28203125 0.17265625 0.1015625
0 0.56875 0.36171875 0.19609375 0.08828125
0 0.365625 0.35546875 0.21484375 0.109375
0 0.83046875 0.36484375 0.23984375 0.10234375
0 0.07578125 0.25859375 0.1515625 0.1140625