0 0.49921875 0.32265625 0.99375 0.6
0 0.83359375 0.10703125 0.275 0.171875
0 0.16484375 0.37734375 0.32890625 0.20078125
0 0.16640625 0.540625 0.3328125 0.159375
0 0.51953125 0.3546875 0.38125 0.2390625
0 0.565625 0.11484375 0.25234375 0.159375
0 0.84296875 0.5328125 0.31015625 0.16171875
0 0.31328125 0.10078125 0.26484375 0.159375
0 0.84765625 0.36640625 0.3 0.21015625
0 0.5125 0.53515625 0.3625 0.16640625
0 0.35625 0.23203125 0.35390625 0.19140625
0 0.703125 0.221875 0.34765625 0.1859375
0 0.096875 0.2125 0.19375 0.18515625
0 0.103125 0.11171875 0.20625 0.115625
0 0.93359375 0.2234375 0.12890625 0.140625