0 0.74609375 0.44765625 0.5 0.36171875
0 0.725 0.70390625 0.54140625 0.28046875
0 0.26171875 0.44140625 0.52265625 0.31015625
0 0.23203125 0.671875 0.4640625 0.24375
0 0.11953125 0.225 0.2390625 0.25625
0 0.825 0.12109375 0.33359375 0.16171875
0 0.9125 0.2390625 0.17109375 0.2203125
0 0.60390625 0.25546875 0.47890625 0.2515625
0 0.49921875 0.4421875 0.99375 0.8015625
0 0.53046875 0.1125 0.28984375 0.140625
0 0.31953125 0.25234375 0.18515625 0.171875
0 0.49765625 0.20625 0.9953125 0.334375
0 0.09296875 0.27109375 0.18515625 0.1625