0 0.42578125 0.42890625 0.54375 0.35234375
0 0.390625 0.68125 0.52734375 0.25625
0 0.8375 0.471875 0.32109375 0.28515625
0 0.82265625 0.6890625 0.35 0.25703125
0 0.70703125 0.25 0.44765625 0.24296875
0 0.80078125 0.09765625 0.31484375 0.1828125
0 0.090625 0.44296875 0.18125 0.2890625
0 0.49921875 0.41640625 0.99375 0.80625
0 0.06640625 0.678125 0.1328125 0.21875
0 0.49375 0.1078125 0.34609375 0.15
0 0.96015625 0.25859375 0.075 0.2171875
0 0.184375 0.08984375 0.28125 0.12890625
0 0.246875 0.2453125 0.48984375 0.2359375
0 0.97421875 0.1171875 0.04765625 0.0859375
0 0.496875 0.19296875 0.98515625 0.35703125
0 0.45703125 0.46484375 0.76015625 0.51875