0 0.49765625 0.32265625 0.9953125 0.5453125
0 0.6375 0.35546875 0.32890625 0.19453125
0 0.16328125 0.23125 0.30625 0.18125
0 0.32421875 0.12109375 0.22265625 0.14609375
0 0.30234375 0.3765625 0.34140625 0.18125
0 0.78203125 0.12109375 0.24765625 0.13359375
0 0.31328125 0.5171875 0.33984375 0.1453125
0 0.10859375 0.13828125 0.21640625 0.13125
0 0.759375 0.2453125 0.29375 0.1296875
0 0.88828125 0.49609375 0.21875 0.13125
0 0.89453125 0.353125 0.20625 0.178125
0 0.07265625 0.36171875 0.1453125 0.2171875
0 0.63359375 0.50625 0.3125 0.1390625
0 0.46015625 0.23984375 0.30859375 0.1734375
0 0.07578125 0.5265625 0.1515625 0.140625
0 0.546875 0.134375 0.21875 0.14140625
0 0.94765625 0.2109375 0.1 0.1390625
0 0.49296875 0.11875 0.11875 0.1109375
0 0.7125 0.11171875 0.11640625 0.115625