0 0.49765625 0.334375 0.9953125 0.540625
0 0.34609375 0.38359375 0.32890625 0.178125
0 0.66875 0.36171875 0.325 0.18984375
0 0.11484375 0.146875 0.22890625 0.12109375
0 0.78515625 0.13125 0.24609375 0.12890625
0 0.096875 0.3734375 0.19375 0.21484375
0 0.33671875 0.1359375 0.22265625 0.14609375
0 0.35859375 0.521875 0.33359375 0.14296875
0 0.78046875 0.23984375 0.28515625 0.1546875
0 0.20078125 0.25078125 0.30625 0.159375
0 0.91015625 0.3671875 0.175 0.1546875
0 0.90390625 0.49765625 0.1875 0.12734375
0 0.55703125 0.1421875 0.22265625 0.13125
0 0.66796875 0.509375 0.30625 0.134375
0 0.49140625 0.2484375 0.3 0.16953125
0 0.1 0.53515625 0.2 0.14140625
0 0.95234375 0.221875 0.09140625 0.14375
0 0.028125 0.24296875 0.05625 0.1578125