0 0.75625 0.3890625 0.47890625 0.3609375
0 0.16015625 0.52265625 0.23359375 0.1203125
0 0.528125 0.503125 0.18984375 0.10703125
0 0.31171875 0.50390625 0.62265625 0.15703125
0 0.33125 0.49375 0.2125 0.12890625
0 0.77734375 0.4359375 0.20390625 0.0921875
0 0.04453125 0.50078125 0.0890625 0.1546875
0 0.78203125 0.265625 0.20625 0.1109375
0 0.77421875 0.51171875 0.21875 0.09453125
0 0.796875 0.346875 0.21015625 0.10625
0 0.93828125 0.26640625 0.11875 0.10625
0 0.94609375 0.35703125 0.10390625 0.09296875
0 0.60390625 0.425 0.175 0.08125
0 0.9375 0.44140625 0.12109375 0.08359375
0 0.025 0.5234375 0.05 0.1109375
0 0.93203125 0.52109375 0.13125 0.08046875
0 0.49921875 0.3953125 0.99765625 0.3734375