0 0.79453125 0.49296875 0.40625 0.3140625
0 0.77890625 0.72421875 0.4375 0.2875
0 0.48984375 0.5171875 0.22109375 0.1921875
0 0.49921875 0.50390625 0.99375 0.72421875
0 0.09375 0.49609375 0.1875 0.15703125
0 0.89921875 0.2875 0.19765625 0.12265625
0 0.20703125 0.3375 0.18984375 0.10625
0 0.62265625 0.31484375 0.24609375 0.15546875
0 0.55703125 0.2203125 0.23515625 0.15546875
0 0.340625 0.22734375 0.22265625 0.15546875
0 0.14453125 0.23203125 0.18984375 0.14375
0 0.778125 0.5109375 0.43515625 0.7109375
0 0.303125 0.50546875 0.25625 0.17578125
0 0.03359375 0.23515625 0.06640625 0.11875
0 0.059375 0.34375 0.11875 0.08828125
0 0.4 0.33203125 0.20859375 0.1265625