0 0.803125 0.49140625 0.38984375 0.31875
0 0.7875 0.72734375 0.42109375 0.2875
0 0.49765625 0.3921875 0.99140625 0.4984375
0 0.10234375 0.49609375 0.20390625 0.1578125
0 0.50546875 0.51796875 0.22265625 0.18984375
0 0.309375 0.5078125 0.23984375 0.17109375
0 0.35625 0.22890625 0.22109375 0.15546875
0 0.22421875 0.3375 0.18984375 0.10703125
0 0.6375 0.31640625 0.24609375 0.15546875
0 0.90859375 0.2828125 0.17890625 0.11796875
0 0.04140625 0.2328125 0.0828125 0.121875
0 0.86875 0.234375 0.07890625 0.0765625
0 0.06640625 0.340625 0.1328125 0.096875
0 0.11875 0.23984375 0.10859375 0.13359375
0 0.42421875 0.428125 0.20625 0.07578125
0 0.196875 0.22734375 0.11875 0.13125
0 0.415625 0.33359375 0.20625 0.125
0 0.57109375 0.2203125 0.23359375 0.15546875