0 0.29140625 0.39921875 0.30390625 0.18515625
0 0.85625 0.3859375 0.27890625 0.17109375
0 0.58046875 0.41015625 0.28125 0.1546875
0 0.16015625 0.2953125 0.29140625 0.14296875
0 0.58359375 0.5296875 0.29140625 0.12890625
0 0.28515625 0.54140625 0.3 0.13203125
0 0.85078125 0.5203125 0.26875 0.12109375
0 0.08515625 0.19921875 0.1703125 0.1328125
0 0.27421875 0.19140625 0.21484375 0.11171875
0 0.075 0.4171875 0.15 0.16171875
0 0.48671875 0.18203125 0.20625 0.12890625
0 0.68828125 0.29140625 0.26015625 0.1390625
0 0.89375 0.1859375 0.20859375 0.11640625
0 0.43359375 0.29140625 0.2625 0.14375
0 0.90546875 0.28515625 0.18515625 0.12890625
0 0.06953125 0.55078125 0.1390625 0.1265625
0 0.690625 0.1828125 0.20234375 0.1015625