0 0.153125 0.415625 0.30625 0.45625
0 0.41171875 0.515625 0.21484375 0.140625
0 0.61171875 0.52109375 0.20234375 0.14609375
0 0.825 0.553125 0.22890625 0.09921875
0 0.496875 0.41796875 0.99375 0.46328125
0 0.1375 0.3 0.275 0.2109375
0 0.23828125 0.359375 0.07265625 0.0921875
0 0.49921875 0.5328125 0.99375 0.20390625
0 0.04609375 0.25625 0.09140625 0.11171875
0 0.040625 0.3421875 0.08125 0.09921875
0 0.953125 0.53828125 0.08984375 0.09296875
0 0.12421875 0.35234375 0.09375 0.09453125
0 0.1125 0.5203125 0.15 0.15234375
0 0.21015625 0.50625 0.11640625 0.13671875
0 0.18671875 0.53046875 0.37265625 0.2078125
0 0.13515625 0.42421875 0.2703125 0.0796875
0 0.04375 0.54921875 0.0875 0.16171875
0 0.11796875 0.26640625 0.08515625 0.1015625
0 0.17890625 0.28515625 0.0625 0.08125
0 0.18671875 0.359375 0.04375 0.08125