0 0.375 0.39765625 0.29140625 0.18359375
0 0.13984375 0.2015625 0.2125 0.1296875
0 0.11875 0.41015625 0.2375 0.16484375
0 0.55234375 0.1859375 0.20859375 0.1296875
0 0.24296875 0.296875 0.28515625 0.1453125
0 0.346875 0.19453125 0.20625 0.1109375
0 0.65390625 0.4078125 0.275 0.15234375
0 0.65625 0.5265625 0.2875 0.1265625
0 0.89375 0.38359375 0.20859375 0.1765625
0 0.36796875 0.53515625 0.28984375 0.12734375
0 0.05390625 0.29375 0.1078125 0.09375
0 0.925 0.1890625 0.14609375 0.11796875
0 0.11328125 0.54609375 0.2265625 0.1234375
0 0.509375 0.29453125 0.25625 0.13671875
0 0.89296875 0.51796875 0.21015625 0.11875
0 0.76171875 0.28984375 0.25625 0.1390625
0 0.75859375 0.1859375 0.2 0.1
0 0.940625 0.29375 0.11484375 0.09453125