0 0.49765625 0.40859375 0.9953125 0.5015625
0 0.78359375 0.56171875 0.2875 0.1828125
0 0.58828125 0.45234375 0.25234375 0.12890625
0 0.55234375 0.5609375 0.22109375 0.11796875
0 0.07890625 0.54921875 0.1578125 0.0953125
0 0.37109375 0.54375 0.17109375 0.10625
0 0.07890625 0.45703125 0.1578125 0.0921875
0 0.075 0.36640625 0.15 0.09296875
0 0.91171875 0.5484375 0.16875 0.16015625
0 0.78671875 0.35703125 0.14375 0.12890625
0 0.221875 0.35625 0.14765625 0.09453125
0 0.384375 0.4515625 0.17265625 0.10859375
0 0.38359375 0.3453125 0.18359375 0.11328125
0 0.23046875 0.44921875 0.14375 0.09921875
0 0.22578125 0.53515625 0.14375 0.09296875
0 0.95859375 0.5609375 0.07890625 0.13671875