0 0.28671875 0.540625 0.28125 0.18046875
0 0.73828125 0.5296875 0.21484375 0.14296875
0 0.91953125 0.5375 0.15625 0.15234375
0 0.10390625 0.43359375 0.2078125 0.1390625
0 0.49921875 0.38984375 0.99375 0.515625
0 0.08203125 0.5640625 0.1640625 0.134375
0 0.27578125 0.3390625 0.15234375 0.12890625
0 0.30625 0.3203125 0.6125 0.37109375
0 0.125 0.21484375 0.24609375 0.16875
0 0.46796875 0.53671875 0.10625 0.12734375
0 0.56484375 0.54140625 0.85859375 0.20078125
0 0.103125 0.3078125 0.20625 0.16484375
0 0.465625 0.36640625 0.08515625 0.090625
0 0.38671875 0.35703125 0.08515625 0.09296875
0 0.396875 0.28359375 0.08984375 0.0859375
0 0.403125 0.43828125 0.39375 0.0859375
0 0.571875 0.371875 0.07734375 0.090625
0 0.52421875 0.371875 0.04375 0.0765625
0 0.384375 0.43671875 0.11484375 0.07890625
0 0.52265625 0.29921875 0.05859375 0.08125
0 0.27109375 0.43671875 0.12890625 0.0859375
0 0.55 0.525 0.08359375 0.10625