0 0.49921875 0.3515625 0.99375 0.52578125
0 0.1375 0.3875 0.275 0.20859375
0 0.425 0.39765625 0.3125 0.171875
0 0.73203125 0.37109375 0.30625 0.18984375
0 0.13828125 0.54453125 0.2765625 0.1390625
0 0.434375 0.5296875 0.31875 0.1390625
0 0.275 0.26640625 0.29140625 0.1625
0 0.37265625 0.15625 0.22109375 0.14296875
0 0.73046875 0.5171875 0.29375 0.12890625
0 0.825 0.27109375 0.27109375 0.125
0 0.14609375 0.165625 0.2375 0.11875
0 0.06796875 0.25859375 0.13515625 0.15546875
0 0.93828125 0.3765625 0.11875 0.15546875
0 0.93046875 0.50625 0.13515625 0.12109375
0 0.81484375 0.1546875 0.22109375 0.1234375
0 0.58125 0.165625 0.25 0.13125
0 0.55625 0.27578125 0.2875 0.1390625
0 0.95390625 0.23671875 0.0875 0.134375