0 0.13046875 0.6015625 0.26015625 0.2640625
0 0.38046875 0.1546875 0.46484375 0.27734375
0 0.49921875 0.3671875 0.99375 0.72734375
0 0.09921875 0.38203125 0.19765625 0.27578125
0 0.37265625 0.38203125 0.45390625 0.20546875
0 0.41484375 0.54609375 0.40390625 0.17890625
0 0.08125 0.203125 0.1625 0.17421875
0 0.971875 0.2015625 0.05234375 0.17890625
0 0.17109375 0.06640625 0.2875 0.13203125
0 0.675 0.36953125 0.17890625 0.16875
0 0.32421875 0.06640625 0.60234375 0.13203125
0 0.68125 0.2140625 0.1625 0.15703125
0 0.6875 0.50625 0.1625 0.14765625
0 0.80625 0.3625 0.1 0.13359375
0 0.84453125 0.2203125 0.17265625 0.16640625
0 0.76640625 0.1625 0.33359375 0.28046875
0 0.69765625 0.0828125 0.19140625 0.12265625
0 0.890625 0.35234375 0.08984375 0.11171875
0 0.971875 0.34453125 0.05234375 0.115625
0 0.88203125 0.45546875 0.08515625 0.10625
0 0.80234375 0.47421875 0.09140625 0.12734375
0 0.97265625 0.453125 0.05 0.109375