0 0.49921875 0.35703125 0.99375 0.71328125
0 0.19453125 0.1296875 0.3890625 0.259375
0 0.20546875 0.3703125 0.41015625 0.2453125
0 0.21953125 0.5625 0.4390625 0.2125
0 0.51953125 0.35234375 0.32265625 0.20078125
0 0.81875 0.14921875 0.32890625 0.2390625
0 0.52109375 0.16484375 0.28359375 0.19140625
0 0.55 0.50859375 0.2875 0.1765625
0 0.75703125 0.3390625 0.17734375 0.1546875
0 0.903125 0.1484375 0.16484375 0.23828125
0 0.76328125 0.47421875 0.15625 0.1390625
0 0.90703125 0.328125 0.15234375 0.13359375
0 0.9 0.44375 0.14140625 0.1265625
0 0.75390625 0.19296875 0.2 0.15