0 0.5 0.40625 0.99609375 0.47734375
0 0.93828125 0.56015625 0.11875 0.16015625
0 0.78671875 0.54375 0.23125 0.14609375
0 0.421875 0.50625 0.16875 0.1296875
0 0.71875 0.35859375 0.19140625 0.10390625
0 0.89921875 0.3484375 0.19375 0.12890625
0 0.86484375 0.2453125 0.24609375 0.1578125
0 0.5875 0.515625 0.20390625 0.15078125
0 0.26953125 0.51484375 0.16015625 0.090625
0 0.55390625 0.36484375 0.15390625 0.090625
0 0.696875 0.2484375 0.59375 0.1640625
0 0.30625 0.421875 0.20859375 0.10625
0 0.47578125 0.26796875 0.11484375 0.12734375
0 0.0875 0.4296875 0.175 0.0859375
0 0.084375 0.50625 0.16875 0.078125
0 0.90390625 0.4484375 0.1875 0.07890625