0 0.43359375 0.35390625 0.39140625 0.23828125
0 0.81015625 0.359375 0.375 0.2171875
0 0.43125 0.53515625 0.375 0.1734375
0 0.52109375 0.1 0.27109375 0.16640625
0 0.63515625 0.21015625 0.35859375 0.19140625
0 0.903125 0.20859375 0.18984375 0.16015625
0 0.796875 0.090625 0.27265625 0.18125
0 0.80703125 0.53125 0.37734375 0.16875
0 0.26328125 0.075 0.24765625 0.13828125
0 0.49921875 0.3140625 0.99375 0.6234375
0 0.12265625 0.54140625 0.2453125 0.1671875
0 0.26875 0.2171875 0.375 0.20625
0 0.12109375 0.37265625 0.24140625 0.2078125
0 0.07109375 0.1703125 0.14140625 0.25625
0 0.07265625 0.103125 0.1453125 0.121875