0 0.26484375 0.37578125 0.52890625 0.50625
0 0.640625 0.52265625 0.21875 0.14296875
0 0.84375 0.53203125 0.21640625 0.15078125
0 0.18203125 0.53984375 0.28515625 0.1828125
0 0.46953125 0.36796875 0.07265625 0.08984375
0 0.16640625 0.33515625 0.15390625 0.1296875
0 0.04765625 0.32265625 0.0953125 0.1234375
0 0.76328125 0.53046875 0.46484375 0.1625
0 0.06796875 0.2078125 0.13515625 0.171875
0 0.35078125 0.5234375 0.13515625 0.1484375
0 0.02578125 0.55703125 0.0515625 0.1140625
0 0.97265625 0.55859375 0.05 0.1109375
0 0.28046875 0.35234375 0.08515625 0.09453125
0 0.3625 0.36171875 0.09140625 0.090625
0 0.45 0.51015625 0.07890625 0.13125
0 0.50703125 0.5375 0.97734375 0.19921875
0 0.05 0.43828125 0.1 0.1265625